125 122 82 65 76 67 54 33 40 53 42 38 45 49 56 55 54 49 47 42 37 35 39 40 27 23 28 46 72 65 31 36 47 53 71 67 50 57 79 83 46 59 74 56 38 46 73 92 87 63 43 36 28 33 31 31 45 61 61 56 48 55 84 98
75 57 52 99 133 83 59 43 38 44 43 35 38 43 49 50 55 63 61 52 42 38 37 33 37 54 59 61 66 60 34 32 43 50 65 71 61 53 60 67 52 35 46 55 53 56 69 75 90 76 61 39 30 33 29 31 39 51 58 57 46 51 83 108
73 57 59 108 144 80 64 52 39 57 72 50 39 42 46 55 67 68 60 61 44 39 41 35 35 46 53 47 61 69 61 53 49 53 58 61 55 50 54 56 54 46 28 46 69 53 60 69 92 70 40 27 32 35 33 35 43 58 70 78 75 86 96 96
99 98 87 107 143 100 70 60 43 59 83 63 50 57 60 62 65 58 60 65 42 43 43 36 29 37 48 46 44 69 77 54 47 55 61 71 53 49 51 56 55 42 30 62 69 40 64 92 129 122 90 61 71 81 73 62 61 75 77 81 78 63 51 44
63 69 86 122 158 139 86 60 38 39 55 54 58 65 61 58 68 75 87 56 35 39 42 41 33 37 41 50 53 71 58 49 57 71 81 85 59 61 75 73 62 57 66 109 110 92 143 184 195 196 199 186 150 126 104 96 100 101 85 92 88 60 49 53
44 41 52 94 149 167 140 72 27 25 43 55 63 67 68 74 93 111 96 58 43 41 40 46 40 43 31 38 71 62 30 49 77 103 128 140 145 147 152 138 130 131 133 137 141 166 200 188 157 146 165 193 188 158 173 167 149 143 152 174 175 161 157 153
53 52 59 71 97 156 192 115 36 31 35 42 54 71 83 85 97 109 81 61 54 55 52 47 41 53 53 68 72 50 55 93 139 163 182 183 171 160 153 144 137 133 130 140 176 210 197 158 137 115 110 135 162 175 182 159 162 181 177 162 159 156 172 186
51 55 55 61 53 76 146 144 64 51 67 91 110 127 137 127 118 105 83 66 55 57 66 52 47 70 92 94 115 145 169 187 195 191 185 173 160 152 143 140 137 132 143 183 201 183 154 130 119 102 86 90 121 150 156 146 151 158 159 151 154 166 179 182
54 56 63 72 65 70 104 153 130 124 146 139 113 85 78 80 80 83 90 87 71 76 88 80 91 143 169 188 205 212 211 210 211 209 208 206 199 190 184 185 183 177 181 195 182 163 141 126 111 87 61 64 102 141 154 148 148 156 167 171 175 175 173 170
90 91 84 87 91 97 104 131 155 141 99 52 29 25 22 19 23 27 33 45 65 104 157 183 195 208 206 203 200 196 194 192 185 177 176 178 182 183 175 167 164 159 158 160 158 157 150 136 111 79 58 75 116 148 155 155 157 163 171 176 176 176 174 172
70 79 74 65 72 74 72 107 127 81 45 46 93 122 91 29 9 12 16 20 25 47 120 185 193 181 171 164 165 163 162 159 150 141 140 142 145 150 151 143 135 131 127 121 114 112 113 113 97 65 63 85 127 155 156 150 149 155 163 173 179 183 183 178
94 95 68 68 81 80 86 140 118 78 102 150 163 139 81 19 3 4 10 18 20 19 40 88 130 137 136 133 133 136 139 142 136 129 128 130 131 134 140 137 134 132 131 129 123 111 93 78 66 55 69 97 130 149 160 165 158 146 145 159 169 179 188 190
105 100 76 62 82 93 96 107 87 116 147 122 71 39 18 5 2 3 6 10 13 14 19 32 77 117 122 127 130 131 131 131 127 124 125 128 131 146 155 155 154 153 155 159 162 162 151 124 98 67 74 113 144 157 158 164 172 160 147 147 160 173 183 179
109 101 82 65 78 87 86 90 75 55 42 22 8 3 2 2 2 3 9 13 13 11 13 28 76 107 118 132 142 145 140 136 139 142 142 148 162 180 186 190 191 194 198 199 204 204 199 186 162 124 112 135 153 156 159 167 174 179 172 155 155 169 182 182
83 87 83 69 70 90 87 80 70 49 21 10 5 3 3 5 3 3 5 11 15 21 35 60 94 119 137 150 155 156 155 158 170 176 179 178 185 193 198 201 203 207 209 213 218 217 211 204 197 186 180 170 156 151 151 158 162 165 177 184 170 167 178 183
86 85 98 94 81 107 114 89 79 77 45 15 7 5 5 6 7 11 26 47 60 65 73 100 128 151 168 174 177 179 179 180 181 178 175 165 162 171 183 183 183 187 189 200 213 216 218 216 209 197 196 199 191 179 171 166 164 160 170 183 186 173 166 173
98 100 113 101 79 109 121 107 94 107 109 57 16 7 7 9 15 36 72 101 96 85 105 136 159 176 185 192 194 193 187 189 190 184 176 163 153 158 167 173 176 178 187 195 203 207 207 208 208 205 202 198 190 187 185 174 172 173 167 167 168 178 172 164
126 113 102 89 78 105 107 102 113 149 169 121 52 24 23 29 50 92 111 98 93 112 133 150 170 181 194 197 198 197 191 193 191 185 181 170 162 166 169 175 180 183 197 205 213 213 204 195 198 201 201 196 174 162 172 182 173 172 167 164 154 164 180 177
137 129 116 96 69 86 88 104 141 179 184 155 96 53 38 56 99 125 105 88 110 137 153 164 177 187 194 191 195 197 193 186 181 185 188 189 195 204 203 193 182 183 191 204 214 216 211 201 193 176 178 184 178 160 157 167 170 161 163 152 145 155 172 175
103 101 100 88 76 106 119 143 175 186 180 170 128 78 70 103 127 122 112 117 139 153 159 173 180 183 188 194 196 193 184 179 181 191 194 202 214 219 213 191 177 181 183 189 199 210 219 221 207 178 175 175 171 156 139 144 157 150 152 144 130 143 161 171
94 118 111 89 75 104 123 162 175 170 177 171 124 90 103 118 115 109 117 129 150 158 161 172 183 192 201 204 199 188 175 172 179 188 197 207 209 202 200 191 177 172 172 178 195 201 206 218 219 201 184 163 142 134 120 123 144 144 142 143 107 117 144 166
81 120 120 98 73 94 121 165 167 168 175 161 125 112 121 111 93 90 100 114 131 140 148 156 161 174 184 190 191 182 168 164 170 175 169 161 137 127 144 155 166 162 158 170 199 198 183 194 207 203 165 125 115 98 81 90 126 139 136 143 104 105 127 145
78 122 114 81 68 88 123 153 155 164 165 156 138 127 101 77 67 74 97 116 124 131 131 132 135 140 149 157 160 153 147 141 127 98 71 61 55 73 101 131 150 158 180 190 196 197 179 158 151 129 71 49 73 66 60 72 108 129 122 130 98 105 119 130
59 96 108 85 110 133 139 144 139 144 145 147 133 114 85 70 63 57 73 102 112 111 111 113 110 112 127 136 133 123 122 123 84 51 53 55 44 79 133 167 180 189 211 214 206 211 200 163 134 73 45 54 71 64 59 61 91 115 108 110 85 104 126 129
54 85 118 95 136 154 148 130 128 134 139 145 136 104 74 69 63 51 57 83 103 113 114 109 103 106 116 120 119 116 112 107 83 62 64 76 88 115 169 197 210 219 227 230 232 234 231 207 165 100 65 59 50 47 43 46 88 105 97 87 77 101 114 122
59 75 100 102 126 132 129 112 112 129 132 129 113 81 60 62 65 60 67 94 96 104 101 95 95 100 102 106 105 100 90 75 67 71 83 98 110 139 181 211 231 234 237 241 243 241 241 234 211 162 84 40 36 41 43 55 83 80 81 69 69 92 108 110
41 51 58 82 92 106 117 105 97 114 120 99 82 67 55 65 80 74 86 90 76 80 79 76 74 75 73 82 85 72 63 57 55 54 62 78 97 154 202 230 239 239 239 235 227 230 238 236 224 206 160 63 36 33 43 72 75 73 67 64 83 102 111 115
84 61 56 85 96 100 95 95 80 88 91 68 71 61 46 60 78 64 83 94 78 65 62 54 46 42 43 50 52 51 52 51 54 56 68 95 123 173 214 229 235 236 235 234 236 240 243 243 223 192 200 133 45 34 62 71 59 56 49 61 79 101 113 103
73 80 70 74 78 82 80 84 84 75 66 57 57 47 37 38 49 42 54 72 70 63 51 38 31 31 28 26 29 36 45 59 72 74 84 108 142 194 223 227 216 219 234 238 239 241 243 245 234 205 203 177 91 54 65 49 36 36 48 66 79 80 108 114
45 40 74 60 56 69 79 85 86 78 56 42 40 37 29 23 31 27 28 40 51 42 30 21 20 20 16 16 20 29 37 48 62 74 86 105 150 213 233 232 216 214 223 212 205 203 201 201 193 186 193 185 177 94 48 35 23 34 53 62 85 83 86 110
35 76 108 99 96 95 97 92 92 98 87 52 33 25 22 22 23 18 14 11 12 15 16 14 13 13 13 14 17 24 29 37 47 54 67 85 137 216 242 238 211 178 164 150 144 140 130 132 126 120 124 140 173 107 28 21 26 33 45 52 66 91 86 100
50 69 75 92 125 148 143 133 131 133 132 102 55 26 18 14 11 8 7 4 4 4 3 4 7 10 12 14 14 16 16 23 34 40 57 70 123 203 228 229 195 136 89 66 57 61 63 59 55 58 69 91 124 66 17 23 27 30 37 48 57 85 100 107
55 58 50 59 73 98 117 112 107 115 125 136 108 57 28 17 11 9 6 3 2 2 2 2 4 5 7 11 13 16 15 17 20 26 42 64 103 143 162 162 156 126 60 50 65 57 45 53 71 52 42 70 84 31 18 29 29 32 38 46 57 84 113 121
65 63 48 53 65 79 96 103 103 109 105 129 136 100 50 32 19 13 8 4 2 1 1 2 2 2 2 6 8 11 12 14 15 16 18 21 32 50 69 87 104 90 63 45 48 57 60 56 49 38 40 45 28 17 25 31 33 38 49 53 75 97 115 130
76 72 90 97 82 74 71 55 56 70 81 115 139 119 73 46 29 19 12 9 6 3 1 1 1 2 2 4 5 6 6 8 9 10 10 9 11 15 19 30 45 50 48 45 42 38 37 33 34 43 45 28 11 11 28 33 36 50 67 74 79 107 111 121
80 115 167 125 81 80 73 54 57 76 87 104 127 115 88 56 39 21 13 11 9 6 4 1 1 1 1 1 2 2 2 2 3 2 2 1 2 4 3 3 4 13 32 42 44 41 31 24 28 26 16 17 16 11 28 38 45 55 68 89 98 104 120 117
110 146 161 135 93 70 80 98 76 59 53 58 92 97 89 70 48 25 16 13 10 6 4 4 2 2 1 1 0 1 2 2 1 1 1 0 0 1 0 1 1 0 1 3 5 5 5 4 3 2 4 8 15 18 30 46 52 66 65 70 97 108 118 131
79 109 117 104 78 100 118 121 84 50 54 65 85 87 87 86 64 39 28 18 11 7 6 6 5 3 1 1 1 1 2 2 2 1 1 1 0 1 0 1 1 0 0 0 0 0 0 1 1 1 3 7 20 31 38 34 49 71 76 78 80 82 87 115
91 109 111 102 106 138 129 111 80 61 56 63 84 90 70 83 73 48 33 22 16 9 5 6 7 4 2 2 1 1 1 2 2 2 2 1 0 0 0 1 1 0 0 0 0 1 1 1 2 2 2 5 21 43 51 35 40 65 74 88 98 87 73 91
79 101 101 95 101 114 104 79 74 69 55 54 72 75 68 68 53 51 55 53 35 18 11 9 6 3 3 3 1 1 0 1 2 2 2 1 1 0 0 0 0 0 0 0 0 1 1 2 3 3 5 3 10 33 51 44 41 42 57 76 92 87 69 74
72 88 86 86 86 81 76 86 103 102 82 79 81 78 99 83 67 58 67 91 84 49 22 15 9 7 4 4 3 2 1 2 2 2 1 1 1 0 0 0 0 0 0 0 0 1 1 2 5 8 10 9 8 21 30 35 45 41 43 57 72 81 72 74
114 82 76 66 54 67 57 57 73 90 94 94 96 94 87 83 94 85 83 106 107 66 35 22 18 10 5 4 4 3 3 3 2 3 2 1 0 0 0 0 0 0 0 0 0 0 1 2 5 11 12 17 18 30 28 30 44 47 46 43 54 71 81 92
136 108 80 63 47 59 74 63 76 73 83 87 82 65 69 97 112 97 84 95 97 81 65 44 26 11 7 4 4 5 4 5 4 4 4 1 1 0 0 0 0 0 0 0 0 0 0 2 3 5 10 20 24 30 30 34 42 46 49 34 34 59 78 87
61 57 52 49 39 53 65 64 95 97 92 74 80 104 106 106 112 107 101 104 89 67 77 74 44 22 17 10 5 5 5 6 7 6 5 3 1 0 0 0 1 0 0 0 0 0 0 4 8 8 8 16 27 23 24 29 29 37 47 45 43 50 61 67
16 23 38 45 43 68 72 92 116 108 93 92 108 144 128 111 114 101 94 102 86 72 83 82 67 56 37 21 13 8 5 8 9 9 9 5 2 1 1 1 1 0 0 0 0 0 0 6 15 13 9 9 21 23 28 31 31 33 44 54 56 53 52 57
44 47 49 55 62 65 60 76 94 82 81 90 86 92 97 101 110 89 84 101 104 82 90 108 92 67 47 29 29 24 11 10 9 10 11 6 2 2 3 2 1 1 1 1 0 0 1 9 18 17 12 12 24 32 29 22 24 26 35 42 43 44 44 43
60 57 67 82 81 57 43 55 82 62 55 68 83 97 110 111 97 92 113 106 116 84 72 76 66 59 49 42 47 43 26 25 14 10 9 5 2 1 2 2 1 2 1 0 0 0 4 16 20 20 21 21 23 24 17 13 17 14 21 26 31 31 31 31
48 44 54 76 72 58 52 57 90 85 71 67 64 68 87 109 90 87 113 110 120 89 79 76 58 59 64 61 54 47 35 36 26 14 12 6 2 1 1 2 1 2 1 1 0 0 6 13 16 23 28 28 23 16 13 12 14 10 12 18 23 24 22 23
100 90 75 79 67 54 56 66 102 106 91 95 85 79 68 70 73 91 116 131 146 114 96 112 98 92 94 79 85 75 62 64 64 42 28 14 5 2 1 1 0 1 1 1 0 0 3 8 14 23 31 32 25 19 17 14 15 11 11 11 16 24 23 26
98 89 101 109 89 59 49 57 72 86 86 92 93 104 92 92 84 79 99 143 146 126 126 150 138 113 102 115 128 110 93 106 114 68 62 55 21 6 2 1 1 1 1 1 1 1 2 9 20 31 31 28 26 25 24 20 12 10 12 13 15 21 23 25
73 70 68 64 68 54 44 45 43 43 66 88 89 87 74 72 84 86 72 122 135 94 66 96 120 121 130 134 135 123 97 108 123 99 99 114 63 28 9 2 1 2 3 2 1 1 2 10 20 25 23 24 29 30 32 24 14 13 15 20 21 22 22 19
96 81 86 79 55 40 24 26 35 38 57 87 102 71 52 52 94 132 100 110 110 79 37 26 31 37 70 90 99 83 88 108 125 126 126 129 115 73 43 18 5 3 3 2 2 2 2 7 12 13 14 23 34 32 32 26 22 22 20 22 23 24 25 21
104 92 99 81 61 43 43 49 52 63 64 72 104 108 72 53 94 142 139 118 109 106 59 37 31 37 59 52 33 26 45 47 50 83 93 80 90 101 94 58 24 5 1 1 2 1 1 3 3 3 5 19 25 28 31 29 28 27 22 21 21 20 20 18
65 84 103 118 113 87 111 125 113 90 90 90 103 114 79 53 71 101 111 101 102 102 74 69 52 46 43 73 76 64 69 56 47 76 96 77 90 131 99 80 76 31 8 2 1 1 1 2 0 1 2 6 17 31 40 42 34 31 25 25 21 16 12 11
79 93 123 132 109 87 108 135 148 123 103 88 98 119 91 74 89 80 97 110 113 111 124 115 83 98 91 92 100 106 103 86 76 104 102 103 91 84 85 95 116 101 50 12 3 1 1 1 1 1 1 4 14 29 49 49 37 30 28 26 19 17 14 11
120 93 97 122 85 80 104 128 128 132 113 82 77 93 82 78 92 80 101 92 79 76 93 102 99 133 110 80 100 102 80 55 79 118 114 107 97 117 133 123 123 131 96 64 26 7 2 1 1 2 2 3 8 31 53 46 40 28 27 18 16 14 12 11
115 86 100 115 99 85 104 127 121 115 96 92 71 56 49 63 66 75 99 102 94 90 98 92 83 92 66 49 58 64 77 66 90 92 83 73 84 145 168 116 114 126 99 109 61 34 15 4 1 2 2 4 14 35 48 48 42 29 25 20 13 11 9 9
74 77 100 94 79 79 113 126 139 120 71 79 95 108 101 112 109 115 112 97 77 81 103 99 65 68 75 65 75 87 100 88 80 70 65 66 64 78 102 88 70 78 78 98 86 71 50 26 3 1 1 4 17 34 49 48 44 36 27 22 14 8 10 9
68 77 107 99 59 58 66 90 113 99 72 88 93 84 75 98 107 103 99 82 60 66 107 116 85 80 97 70 75 100 94 68 47 48 72 100 69 30 49 64 42 52 61 70 65 84 76 29 7 1 1 2 12 29 43 46 50 41 29 20 13 6 5 8
75 111 110 79 64 62 44 61 89 82 65 77 72 80 68 97 116 79 72 76 68 73 94 111 85 63 60 52 53 60 66 60 46 45 61 83 90 52 38 37 28 34 55 51 51 80 68 35 20 3 1 2 6 19 35 44 52 41 30 22 14 6 4 4
92 108 88 73 83 83 65 73 88 88 83 84 84 83 63 75 77 75 65 60 59 58 67 84 92 78 61 57 57 63 74 55 48 46 63 81 118 70 33 28 26 53 92 78 49 61 63 44 20 3 2 2 6 20 32 40 49 41 27 21 15 12 11 9
94 88 80 82 114 114 90 87 104 107 118 104 89 77 56 78 79 83 86 74 67 70 101 114 127 121 106 75 50 57 73 62 62 50 66 82 87 49 23 25 26 52 74 74 61 61 56 41 18 23 12 5 11 19 27 32 48 38 22 14 8 10 12 12
114 94 92 100 87 73 61 66 90 133 134 85 66 69 74 99 118 102 94 91 69 83 127 136 143 143 134 83 49 57 62 56 52 50 58 73 60 63 67 63 66 61 34 30 25 15 12 14 34 76 23 7 10 17 30 43 53 32 18 10 7 6 10 8
140 123 112 114 106 90 75 118 151 167 145 108 90 84 90 108 151 105 71 82 85 93 105 111 128 127 113 88 55 64 78 64 55 49 65 74 61 74 86 95 93 58 27 27 8 4 3 4 27 47 6 2 2 11 33 56 48 27 15 10 8 11 13 14
