129 123 124 123 92 33 28 46 57 65 70 56 52 44 37 22 26 35 55 60 51 36 29 28 35 49 50 54 57 55 48 40 41 41 39 40 38 41 39 27 23 31 29 25 28 38 41 49 30 20 19 18 27 25 36 49 55 55 59 48 25 26 29 39 49 36 30 37 49 56 36 31 47 48 30 42 50 51 55 55 37 29 68 83 85 82 65 52 41 46 80 107 101 81 73 70 71 73 81 58 33 35 47 43 20 21 32 30 25 25 30 30 40 55 63 62 61 69 66 56 54 54 58 114 126 115 98 85
133 154 164 158 142 101 80 65 63 66 55 57 70 68 39 23 29 38 43 53 45 38 36 39 48 49 44 43 48 51 52 58 58 60 59 54 50 46 44 48 42 35 37 33 38 43 36 40 27 22 23 15 22 29 24 35 57 92 117 89 36 18 18 48 69 48 48 65 82 87 86 76 46 34 52 77 92 105 116 123 74 21 30 87 103 79 55 57 39 27 26 28 36 51 123 121 106 77 66 47 33 37 46 38 23 28 37 36 37 40 34 33 29 51 66 67 61 63 59 54 53 45 36 40 61 102 109 107
53 70 87 68 52 32 50 86 131 131 87 64 66 62 37 31 36 40 42 47 48 41 39 38 44 50 52 58 66 63 61 58 64 63 54 51 55 56 56 55 48 38 40 33 33 44 40 30 21 24 31 27 22 23 59 94 97 64 46 49 38 19 13 35 54 44 51 73 87 91 98 101 94 59 40 59 77 83 85 86 65 29 10 14 40 49 62 49 34 29 29 27 47 86 82 61 71 110 125 76 43 40 40 29 24 25 29 27 22 21 24 29 29 38 51 60 59 58 52 47 43 41 39 32 25 38 62 98
96 41 15 19 20 31 57 134 175 167 119 67 59 51 39 48 49 29 33 39 46 37 28 26 32 34 30 35 39 37 37 41 41 45 57 71 71 66 54 46 48 37 43 47 32 34 35 29 24 35 58 89 115 86 44 51 55 57 55 65 57 31 16 35 44 28 24 31 38 47 53 55 60 61 44 44 25 34 59 70 71 64 43 15 24 62 81 54 64 65 46 85 97 67 64 64 78 103 78 58 76 126 113 37 23 36 38 38 33 33 33 34 34 37 40 47 54 60 63 63 56 36 28 45 78 116 137 122
101 94 52 37 46 59 74 142 179 168 113 60 69 74 68 44 46 38 43 58 55 44 33 29 35 33 31 39 46 47 45 49 55 60 57 94 87 63 48 62 62 26 23 38 32 35 34 33 30 51 43 67 88 90 66 68 73 73 69 64 48 26 20 29 36 45 57 74 87 76 64 67 72 67 73 65 62 58 48 33 41 56 56 51 12 13 36 54 64 80 101 65 51 68 76 66 76 123 86 53 36 31 20 17 25 32 34 31 23 28 31 34 41 48 46 47 51 58 65 67 53 39 45 103 115 118 129 142
75 63 54 60 57 53 63 126 165 156 93 39 54 74 72 41 31 38 31 76 104 82 63 49 42 38 37 41 43 41 47 58 73 80 79 63 64 60 49 71 53 31 31 38 66 42 39 41 35 22 22 27 34 39 27 31 53 73 81 70 65 72 84 85 59 44 41 46 48 47 54 64 60 36 30 36 43 57 63 65 68 44 29 41 51 18 11 33 99 89 37 28 48 66 71 66 73 122 94 52 36 31 20 17 26 29 29 28 29 30 29 28 23 31 38 45 53 65 73 75 84 114 131 119 94 76 75 76
75 72 73 74 73 57 56 88 144 146 106 48 45 63 65 45 27 40 38 60 114 111 92 66 45 47 53 56 53 47 59 70 75 71 62 53 43 37 71 92 50 54 63 61 44 41 34 31 23 22 35 39 39 46 50 34 25 45 72 80 65 67 76 50 29 39 54 57 59 61 63 59 55 51 60 69 64 51 52 54 56 60 78 79 29 21 16 54 82 47 27 32 44 56 56 57 66 105 87 70 54 37 21 17 36 41 41 38 35 33 30 29 47 78 112 131 126 109 98 97 78 70 73 66 65 74 68 45
137 143 145 136 114 75 68 84 139 161 141 91 66 74 77 73 46 36 65 43 80 87 72 56 41 49 60 60 64 68 67 64 65 63 60 56 50 50 95 61 36 35 36 36 41 47 39 41 28 21 32 41 53 59 49 43 30 28 43 75 105 87 42 36 38 48 58 59 59 57 68 90 62 41 36 43 43 43 47 54 68 63 36 19 29 25 29 90 108 65 28 28 44 59 64 64 75 108 93 69 46 39 27 17 37 58 80 107 129 132 126 110 75 43 48 61 59 56 72 90 88 76 73 62 54 47 35 32
61 76 92 109 118 136 145 154 168 175 161 128 78 76 73 66 53 29 64 51 68 73 69 56 48 57 60 67 75 70 59 51 54 58 59 56 53 91 113 42 30 32 36 40 50 50 40 32 28 25 40 40 43 65 88 73 60 47 37 59 95 66 50 61 60 54 54 55 51 54 109 99 45 38 32 47 49 48 52 73 60 35 25 30 35 23 42 120 124 66 27 35 66 95 116 215 247 249 243 247 249 244 226 163 152 152 135 123 72 46 35 30 37 55 52 67 77 66 63 65 62 60 47 21 18 21 24 35
49 48 45 43 52 69 92 133 152 173 174 147 85 66 69 54 41 29 21 24 40 49 49 43 51 61 68 61 54 46 46 49 64 72 76 70 84 127 62 25 24 30 34 41 46 41 49 43 36 25 36 38 32 23 39 50 43 36 59 99 71 53 55 58 52 50 64 71 73 69 95 70 51 37 32 57 66 68 64 65 68 43 35 62 40 54 67 133 148 112 71 110 149 187 234 219 202 199 194 199 210 225 235 234 165 137 142 138 92 61 101 76 119 141 135 153 107 60 53 45 59 55 38 21 20 22 34 39
35 36 36 38 39 47 60 95 137 164 167 154 125 92 73 51 29 21 21 29 40 47 50 50 56 69 73 68 65 63 63 66 76 87 91 92 128 95 60 53 46 44 39 35 29 31 44 54 39 26 36 37 25 24 25 36 44 64 112 87 29 12 22 43 52 66 98 116 119 128 115 89 116 111 74 117 151 141 94 112 108 91 123 127 138 152 161 163 166 152 148 143 174 215 188 178 164 160 148 169 170 177 213 224 221 187 123 111 135 184 194 163 160 148 140 110 66 123 193 213 210 182 163 133 124 140 124 101
49 42 31 35 41 45 57 128 162 168 166 179 180 148 108 53 29 15 15 21 36 52 67 69 73 64 64 67 72 72 69 79 94 109 112 137 127 89 76 56 44 40 34 38 42 40 42 52 47 38 54 58 36 20 12 21 48 101 83 47 24 17 32 65 82 86 83 87 92 103 148 162 171 183 185 188 190 186 170 175 174 167 160 158 147 143 132 132 119 130 136 162 215 220 205 192 166 139 127 133 152 177 179 208 209 209 181 135 191 195 196 181 142 134 147 122 167 191 193 196 199 206 202 214 218 216 199 194
79 53 38 46 55 54 53 71 114 135 175 212 219 205 168 71 33 19 16 18 26 40 36 39 47 58 58 64 64 71 79 82 88 95 115 140 105 77 62 49 47 48 49 55 46 41 41 44 39 30 49 61 41 30 21 58 120 89 51 38 21 17 36 62 68 74 90 133 155 204 212 214 210 199 184 173 167 157 159 153 141 130 134 133 130 129 130 121 123 130 199 229 225 218 179 181 152 134 121 103 106 120 130 152 179 190 186 181 208 201 192 162 138 176 193 194 183 182 166 146 162 169 154 147 153 154 166 189
51 73 51 58 63 70 67 60 57 69 119 178 214 223 198 89 36 28 33 40 34 26 29 36 43 47 64 76 78 89 88 81 80 96 136 109 75 68 63 60 59 64 67 62 55 57 55 47 41 28 50 63 56 53 72 115 94 63 35 30 35 37 47 59 169 187 189 201 208 200 195 182 165 160 148 146 148 148 149 139 138 142 136 137 132 125 130 127 156 217 231 228 222 212 136 149 142 146 130 113 104 100 106 121 154 157 168 181 197 190 160 145 145 172 184 194 194 176 163 170 177 158 133 135 153 173 188 195
37 54 61 61 44 63 76 63 51 44 56 99 170 208 210 134 43 30 43 51 53 34 40 49 45 38 59 84 98 93 90 78 70 102 119 71 70 77 88 69 54 46 45 52 62 65 48 39 52 36 51 62 59 78 96 49 40 44 40 60 92 147 190 204 211 205 204 196 186 176 167 153 149 150 147 142 145 140 131 125 129 125 125 120 117 119 130 175 216 225 218 206 195 174 130 124 127 122 111 93 87 91 95 115 119 128 140 165 175 146 132 133 148 169 180 182 182 164 140 137 138 131 138 164 176 188 186 186
37 46 50 55 46 35 57 72 60 41 38 45 82 151 184 154 81 36 37 45 52 46 39 64 90 170 205 213 214 223 218 204 173 150 107 111 85 60 57 60 55 60 51 54 72 77 61 44 41 36 59 65 93 117 44 55 80 127 190 210 210 210 206 198 183 188 179 164 160 171 167 154 144 144 153 140 133 127 122 126 127 120 121 121 120 135 185 214 215 195 182 162 156 134 126 130 119 114 107 96 102 82 75 79 98 126 134 145 150 164 150 144 159 141 142 138 143 146 141 137 142 155 167 183 178 178 180 178
51 37 47 66 58 54 52 60 58 49 44 50 60 110 160 173 132 76 48 55 78 162 223 219 188 166 152 134 127 137 130 124 117 132 145 145 147 137 70 54 56 48 51 60 76 78 64 49 48 45 69 102 122 115 155 186 212 222 222 215 210 203 199 201 210 209 210 212 210 211 209 207 192 193 174 172 161 162 171 178 166 165 163 147 148 181 213 215 203 190 169 155 141 126 117 113 123 122 98 96 74 61 53 59 76 113 132 159 158 147 132 136 141 125 133 143 158 162 156 165 181 187 182 177 189 184 175 162
49 38 33 38 36 63 73 63 48 45 49 55 63 76 133 174 166 135 119 186 220 193 148 136 122 109 67 35 32 39 44 49 48 50 47 59 76 116 140 136 92 48 67 72 85 90 73 59 42 64 136 176 182 211 223 221 221 214 220 216 213 216 218 213 219 221 222 223 218 221 225 222 221 222 212 212 213 213 216 215 213 217 216 211 193 190 196 195 177 171 164 161 145 135 123 139 126 106 91 82 49 47 45 52 70 102 123 157 158 165 161 147 148 160 166 166 176 176 178 176 175 170 177 185 181 180 179 171
57 67 64 59 49 95 113 110 115 128 158 176 162 167 175 187 181 179 194 189 162 132 96 62 49 27 11 6 8 6 15 25 27 18 28 31 34 33 42 67 104 106 135 111 98 111 133 149 161 195 215 224 215 208 212 204 206 210 207 211 215 215 217 215 211 215 215 211 207 201 195 191 199 202 186 186 186 177 178 179 185 182 175 186 175 187 182 177 185 182 180 179 161 157 136 128 103 92 99 88 64 59 55 70 90 115 129 140 149 160 166 159 155 151 161 167 172 170 172 171 177 175 181 180 174 158 157 159
151 161 145 129 89 68 66 63 64 60 56 58 59 73 104 120 140 172 161 128 101 72 52 21 12 2 6 1 3 3 9 10 16 26 29 14 16 24 18 18 28 58 88 113 207 222 218 224 223 217 219 219 214 206 207 205 202 193 192 187 179 179 185 187 181 169 158 160 159 161 171 167 177 171 184 185 181 162 153 160 156 158 147 140 148 147 156 159 153 158 156 161 154 163 157 138 132 107 93 73 42 48 76 77 102 132 152 151 151 156 160 166 165 164 160 152 160 170 180 171 166 168 171 186 191 201 200 192
50 56 54 75 99 39 38 53 64 70 81 79 75 67 69 111 148 139 120 80 58 47 21 12 13 13 19 67 82 66 22 12 7 12 15 19 21 21 22 19 19 23 38 64 120 223 223 221 223 222 216 209 201 194 195 187 178 187 182 181 178 178 169 167 160 156 147 140 146 147 147 147 156 153 158 161 161 157 158 143 132 138 135 127 132 120 121 120 124 121 126 127 135 129 140 145 140 129 103 53 59 56 63 77 118 136 157 170 158 143 147 152 163 152 151 157 170 175 178 183 191 197 189 161 157 169 177 180
65 51 61 83 94 74 50 61 71 76 74 71 63 51 53 80 131 125 80 55 41 26 21 21 28 179 188 169 147 129 73 18 2 0 7 9 7 13 16 23 19 15 17 27 56 105 191 208 197 183 176 159 156 159 146 153 160 156 154 148 156 158 151 160 147 145 140 143 135 133 141 132 134 143 136 144 146 151 151 143 126 128 130 125 120 131 112 107 97 95 99 101 107 106 112 109 102 97 69 54 51 57 63 81 116 135 147 162 165 150 129 123 131 147 159 159 167 179 188 183 183 183 192 202 195 193 184 161
81 85 92 85 79 76 111 90 67 83 78 72 79 74 92 236 219 121 83 44 29 28 36 136 206 189 177 164 146 123 47 1 2 2 2 7 7 13 21 35 26 29 26 19 24 48 61 141 170 148 148 148 150 145 140 125 132 140 138 144 142 147 148 149 143 128 135 126 135 125 124 135 135 137 131 133 141 134 133 132 124 137 132 133 132 129 125 116 111 102 86 74 64 74 84 76 69 48 32 47 80 106 94 86 115 128 142 144 157 167 176 180 156 135 144 151 140 159 172 169 162 164 167 177 177 191 201 201
98 104 120 108 72 44 32 65 124 71 65 74 87 86 108 203 140 101 66 50 47 137 216 203 194 180 177 161 133 40 12 4 1 0 0 0 2 9 21 29 30 20 19 12 19 31 44 62 126 130 122 133 135 137 126 130 128 130 126 137 131 133 138 143 143 132 129 129 124 120 127 130 129 128 126 127 132 133 136 127 131 136 122 133 121 140 132 131 130 131 126 117 110 76 61 59 63 51 53 51 48 46 77 100 119 133 142 144 149 161 171 168 165 162 157 146 129 135 145 157 167 169 177 183 179 184 195 197
74 93 105 105 73 54 40 40 75 90 129 86 70 85 90 128 108 80 67 170 215 192 190 184 175 110 75 50 35 24 14 5 0 0 1 0 1 10 4 9 4 14 15 8 8 24 33 37 49 116 129 120 123 126 128 126 131 133 128 132 125 129 130 137 139 130 124 132 126 137 133 124 128 125 122 128 149 149 141 146 151 141 142 141 134 131 135 147 146 145 146 139 136 121 87 93 94 71 63 46 56 75 98 112 137 150 153 166 165 152 151 161 184 177 152 135 124 138 174 191 182 185 188 188 199 172 140 140
95 107 93 95 81 82 73 45 74 81 83 108 99 83 105 103 82 69 80 181 182 166 152 120 46 17 13 7 10 6 2 0 1 0 2 4 7 4 2 10 7 15 12 23 15 17 19 24 21 70 111 124 117 121 123 123 127 126 129 125 127 128 128 126 118 116 118 118 121 122 131 132 128 124 135 154 159 159 148 162 162 152 152 151 155 156 167 160 156 158 165 171 167 172 140 115 103 97 73 45 48 78 102 117 128 137 157 168 160 152 149 159 169 186 188 171 163 136 119 122 144 148 154 172 177 189 194 175
138 138 133 137 91 92 84 51 57 70 66 73 99 126 142 69 60 66 48 64 71 61 35 21 5 7 5 3 3 0 1 0 2 0 1 8 10 6 12 13 11 12 13 13 17 10 8 16 49 78 96 109 115 111 122 140 137 140 144 141 145 139 130 134 125 129 125 129 116 112 115 123 128 141 165 169 181 171 170 172 174 177 185 183 192 188 183 189 199 199 199 198 193 198 193 196 173 134 105 45 48 80 113 121 155 160 157 145 153 159 160 161 170 177 179 187 187 161 137 126 149 162 150 167 167 163 175 187
109 107 104 90 63 64 73 52 61 107 98 92 78 68 65 94 127 99 50 25 21 12 7 1 3 3 1 1 0 1 2 0 0 0 0 1 3 20 17 19 14 16 13 7 13 6 6 35 58 104 108 109 119 109 122 134 132 140 150 152 154 136 131 126 138 140 147 141 152 141 146 156 157 167 180 189 171 192 199 198 205 196 188 205 212 202 204 220 200 213 205 212 211 204 194 189 180 180 174 154 104 113 127 138 154 161 165 162 164 165 172 175 172 182 184 190 191 181 171 155 149 156 170 169 179 193 191 189
82 60 73 87 92 102 93 52 46 100 105 79 66 53 54 61 46 57 66 26 19 13 5 3 2 0 5 0 1 1 1 5 1 0 1 2 7 2 1 9 14 12 13 10 11 13 18 30 56 82 107 107 104 121 150 147 158 162 156 156 151 148 136 138 162 168 176 174 163 182 193 188 196 209 201 209 205 211 214 209 208 212 208 205 202 215 208 217 222 221 214 219 215 202 192 206 202 192 190 162 177 168 150 152 147 150 145 143 148 160 169 170 174 175 177 180 183 198 198 184 177 170 167 168 166 178 177 162
75 88 93 89 83 69 73 62 31 50 65 77 86 83 82 91 94 87 76 52 24 20 14 9 9 12 3 0 0 0 5 5 2 1 1 3 2 3 3 8 3 8 8 16 35 49 68 74 89 101 96 129 138 148 141 149 157 150 151 142 142 149 156 165 178 185 189 189 187 198 186 177 183 188 207 196 188 205 207 194 200 206 210 218 219 219 221 219 219 209 217 219 209 206 192 197 199 197 197 198 199 188 190 183 140 136 147 141 135 130 129 141 152 150 142 149 146 170 182 192 176 150 163 180 180 194 213 207
78 75 70 81 91 88 103 99 48 87 122 130 139 136 125 87 55 41 50 60 33 19 15 11 8 6 2 4 3 8 6 5 11 5 4 8 6 6 10 16 21 22 28 48 53 58 74 85 99 121 132 145 160 168 163 155 167 161 167 167 174 175 180 180 167 172 180 178 183 174 162 153 176 168 174 177 193 190 189 179 184 193 194 202 199 190 194 210 221 224 223 223 227 225 222 208 215 208 192 197 204 210 208 207 198 182 168 162 171 170 169 163 150 151 156 165 180 182 186 193 202 195 182 163 165 162 168 177
108 89 81 87 85 82 101 105 54 90 108 76 85 98 78 50 90 142 122 100 76 27 13 8 6 8 8 2 4 6 3 9 4 4 5 10 18 38 43 59 72 90 93 83 75 76 78 109 122 127 145 162 168 172 183 182 191 186 180 196 182 182 185 177 184 183 176 170 156 181 175 164 151 151 155 164 175 178 180 182 175 173 183 174 177 183 182 197 209 218 218 225 216 225 221 223 214 213 198 185 185 192 201 198 206 199 198 187 181 180 169 178 183 161 147 141 151 170 183 184 200 208 191 150 155 157 169 185
101 96 72 80 106 148 153 128 61 76 118 139 144 140 130 105 73 52 61 93 114 82 32 13 6 9 2 6 4 8 9 6 4 8 9 22 42 64 85 101 95 113 106 78 71 89 97 125 134 154 170 175 179 174 179 179 193 196 207 190 190 189 189 187 182 187 177 188 179 175 170 159 162 151 159 177 181 187 182 178 176 174 174 176 183 188 189 188 192 203 196 207 218 212 213 211 216 215 205 191 182 188 195 198 206 194 196 196 199 180 150 151 168 178 171 163 169 171 175 167 172 185 178 193 178 163 154 150
93 81 87 125 138 106 107 111 64 62 92 115 126 133 136 118 101 107 101 102 113 125 90 44 17 4 5 5 5 8 9 4 10 14 15 40 62 79 110 122 127 101 76 60 86 123 139 170 165 161 183 189 187 187 204 214 190 185 197 196 192 186 185 184 193 205 191 185 179 170 166 154 151 144 147 150 157 159 168 175 173 178 176 174 177 190 202 196 196 192 203 203 195 201 199 218 209 200 214 209 216 210 209 198 194 194 193 194 188 199 206 179 166 181 181 180 165 167 169 158 150 159 173 189 185 168 160 172
123 138 123 89 73 87 88 87 55 70 114 104 93 97 101 98 104 117 135 150 174 184 154 125 69 22 13 13 14 13 13 14 15 30 44 75 102 127 132 118 93 74 69 100 102 133 146 145 178 174 165 168 182 200 189 194 208 194 185 188 181 189 181 196 196 188 179 178 188 190 178 170 164 153 147 147 145 147 158 166 179 183 181 180 190 191 194 196 208 215 220 213 195 198 194 194 196 212 218 222 214 212 203 189 194 160 151 168 172 170 195 186 151 169 180 182 170 168 173 168 156 139 138 178 190 182 172 176
119 124 107 104 111 103 96 102 55 74 120 116 123 130 118 94 101 114 133 169 195 195 163 129 84 30 17 16 22 25 26 37 44 52 73 126 140 131 109 79 85 83 128 129 129 147 134 143 162 173 185 192 207 217 222 215 208 201 202 207 198 186 191 203 193 191 186 183 181 174 163 160 156 146 156 170 158 173 175 168 183 183 181 182 205 209 204 220 212 216 221 218 204 222 173 176 186 201 203 198 195 212 204 206 185 155 153 163 165 169 185 189 176 155 171 168 159 156 164 171 168 156 147 167 175 180 194 186
153 160 142 138 135 98 95 102 62 69 106 96 87 75 77 99 104 114 142 176 192 186 163 138 115 64 54 47 40 38 42 50 58 73 114 145 130 107 75 60 94 117 122 138 160 175 158 171 172 169 174 160 174 187 193 190 184 176 188 199 203 190 171 190 185 183 204 194 195 189 176 169 177 178 200 211 204 202 196 195 186 172 180 173 192 199 207 221 216 216 210 213 220 209 189 193 197 188 171 181 169 184 184 194 186 161 145 145 153 162 172 185 199 153 153 166 178 181 164 155 158 159 152 164 175 169 173 182
139 150 141 136 127 108 119 110 50 44 74 78 79 73 75 101 124 156 185 193 188 180 178 165 134 100 78 55 33 29 26 36 73 130 132 128 122 100 76 87 82 95 133 138 153 166 172 164 162 173 178 189 198 195 184 192 198 196 202 194 201 196 189 174 182 168 181 184 189 199 199 199 207 209 210 207 213 204 217 201 190 178 179 183 180 183 191 206 219 226 213 217 205 219 183 209 192 200 180 169 178 173 173 181 197 183 171 162 153 163 153 158 182 185 155 153 167 164 150 140 130 137 137 149 174 174 175 186
90 112 109 115 128 127 121 105 56 51 86 83 81 103 128 129 145 184 202 192 178 180 187 182 160 117 71 51 47 50 56 95 130 140 134 111 95 64 67 99 124 136 145 145 150 139 150 176 183 173 178 185 188 195 207 210 218 208 202 195 190 161 189 194 184 165 167 180 183 195 204 197 215 222 225 195 206 214 189 190 170 184 186 190 192 184 184 192 196 210 212 227 227 229 218 224 221 185 164 148 163 183 173 173 196 195 193 167 145 143 155 156 155 181 148 146 153 159 150 147 153 146 145 153 158 169 175 147
80 81 77 75 89 84 92 96 50 76 125 130 133 142 148 155 181 190 194 194 185 178 167 173 158 129 104 72 63 82 109 134 139 138 127 111 121 132 140 146 132 141 155 178 156 167 171 188 177 170 164 158 159 168 190 187 189 197 188 193 207 194 178 149 161 182 202 215 193 178 171 197 214 183 215 226 222 211 205 189 176 183 170 179 176 172 189 185 188 194 205 216 212 220 227 227 220 211 211 167 169 190 173 180 174 156 145 141 147 137 137 139 145 176 153 144 146 156 150 129 129 119 126 158 155 160 161 179
101 148 135 88 81 73 86 81 54 104 135 134 134 135 139 157 174 179 166 165 171 176 178 186 161 115 75 61 81 105 116 120 112 99 94 118 127 122 108 123 144 162 169 156 159 173 188 197 193 179 190 202 218 221 192 207 216 208 208 208 193 191 195 204 209 192 197 204 213 215 219 229 235 237 237 223 232 226 206 180 160 158 173 173 185 177 191 181 192 192 195 199 212 216 226 224 232 221 219 207 177 164 170 148 147 146 151 134 106 97 126 139 140 168 146 126 128 145 164 135 97 102 126 140 152 162 164 185
105 47 137 174 135 130 118 89 40 50 75 78 89 116 134 175 182 169 157 149 159 184 180 172 162 112 88 70 85 95 96 110 131 132 116 108 99 106 111 137 149 158 152 155 156 167 166 165 164 175 178 204 216 222 222 219 201 196 177 155 143 143 151 159 165 176 190 185 178 190 198 207 210 223 209 196 199 211 205 199 189 184 162 165 175 166 172 182 195 192 211 205 208 206 206 215 220 224 212 200 197 183 187 148 130 140 135 149 132 127 123 134 129 161 165 141 132 139 159 153 114 78 100 114 124 130 148 172
84 39 91 110 135 149 138 106 48 74 110 100 76 101 158 186 184 176 174 178 181 191 179 176 149 97 86 103 105 116 131 137 132 105 78 94 106 130 134 125 138 152 158 152 166 161 162 171 182 173 181 190 196 177 168 170 187 190 198 201 195 162 148 144 177 160 165 180 185 186 200 207 168 168 150 162 152 148 170 186 196 190 176 170 170 160 127 165 188 209 208 189 185 191 188 218 234 216 214 215 211 208 198 188 135 101 94 107 90 108 83 91 114 132 153 129 124 133 153 153 120 91 78 113 143 141 147 170
76 73 135 129 109 101 137 119 51 89 102 95 72 130 173 171 164 151 162 173 173 181 160 129 129 109 87 114 138 132 125 123 110 92 78 74 72 85 88 95 109 117 127 134 134 161 183 172 151 159 172 195 196 213 216 201 204 200 189 183 178 162 155 166 149 150 180 211 212 202 182 173 155 112 75 112 146 149 138 133 156 154 159 150 147 153 137 172 210 203 210 191 188 175 171 200 211 205 225 232 187 142 119 91 138 147 134 113 76 66 72 99 113 139 150 145 129 131 163 164 107 77 96 109 116 81 123 168
70 67 128 130 129 126 110 79 43 56 66 89 133 153 165 165 160 151 168 168 157 157 173 171 160 139 150 143 130 124 90 59 64 85 84 84 102 98 72 105 117 130 127 130 149 140 142 141 134 143 137 136 135 135 143 158 177 194 194 188 177 164 159 163 177 168 174 174 118 74 59 70 75 66 91 73 109 122 126 112 137 143 144 150 165 159 179 181 194 205 190 209 191 160 171 171 176 164 178 187 148 77 33 27 53 78 63 48 46 52 52 66 91 133 144 129 123 132 149 145 124 93 76 116 139 127 128 118
55 74 137 155 150 117 91 61 39 59 63 61 75 123 155 149 152 160 177 187 178 169 154 147 147 139 149 145 113 68 69 79 70 59 57 62 85 122 137 137 125 120 128 151 136 131 121 135 158 147 144 150 162 155 169 168 151 159 145 137 147 165 150 136 152 133 81 49 39 33 34 38 29 26 60 68 65 68 96 132 152 149 145 152 185 204 191 181 190 197 200 192 187 180 152 131 140 137 125 129 58 26 30 42 50 75 74 52 50 62 72 75 71 116 139 133 101 109 134 138 107 78 93 126 83 100 131 141
52 49 109 105 88 101 106 68 59 110 125 112 105 126 147 150 151 142 143 151 154 160 162 158 137 113 105 101 87 70 68 67 48 47 56 53 60 76 92 122 128 123 113 107 101 100 121 134 142 134 128 130 126 149 135 133 156 157 148 127 101 109 129 110 63 47 36 19 25 66 109 64 15 23 37 53 82 136 131 157 163 157 150 159 197 208 217 196 195 189 192 218 211 192 146 146 144 127 83 39 17 11 33 48 67 93 68 66 61 63 60 65 74 104 128 122 110 102 119 128 88 73 78 148 142 129 118 122
62 36 76 105 113 103 99 62 92 143 156 154 148 144 148 142 128 134 139 134 123 129 128 132 151 131 114 125 91 77 69 61 71 73 70 44 52 91 104 104 103 108 105 82 80 97 107 116 94 89 89 90 80 113 122 125 123 116 91 85 101 135 133 130 103 66 49 77 41 38 65 48 20 33 87 92 129 176 176 181 188 191 198 191 206 226 231 221 200 214 202 216 222 211 174 156 152 143 85 35 38 51 52 59 86 70 61 78 76 61 52 58 68 88 134 127 117 109 117 125 85 86 70 108 123 136 137 127
57 45 46 105 122 120 100 59 113 151 156 156 151 151 148 130 121 135 131 137 143 144 149 156 150 140 132 103 76 73 78 93 86 56 43 36 39 52 53 71 114 117 130 122 134 105 91 92 105 103 120 110 116 149 167 174 168 143 134 136 119 104 137 159 137 107 65 46 36 44 50 48 43 39 62 97 136 166 186 192 196 212 213 205 223 223 225 227 221 234 225 234 216 237 209 185 174 153 110 63 85 75 78 70 56 52 53 56 70 53 40 41 52 101 119 82 84 96 101 88 62 74 100 99 121 140 126 123
45 56 37 102 138 135 103 68 131 158 156 155 153 155 141 126 124 127 130 139 141 138 143 150 162 128 106 103 80 75 69 61 63 51 52 49 46 48 49 67 91 108 103 121 120 132 146 126 107 91 75 100 114 88 93 100 92 115 112 120 124 106 99 101 70 70 75 65 52 70 76 74 94 109 111 121 162 192 209 212 202 204 222 220 222 230 227 236 238 227 228 240 241 237 232 219 195 164 125 72 79 54 61 60 56 48 36 28 34 30 23 37 53 118 130 99 92 90 104 71 65 74 91 123 100 104 130 145
48 76 56 60 135 132 90 69 114 147 147 147 151 144 121 104 92 121 124 126 138 139 138 133 138 139 129 110 58 35 56 70 71 55 54 51 39 44 74 112 109 107 133 119 71 91 100 73 61 79 103 106 110 76 138 150 126 126 120 125 143 126 104 85 76 50 61 85 77 81 93 107 119 141 110 141 168 186 185 207 231 234 233 225 233 236 235 241 246 245 244 250 240 233 243 236 219 192 174 123 57 52 54 37 25 31 38 40 43 46 40 42 54 112 127 69 78 91 80 59 53 81 79 89 123 98 57 110
32 71 111 55 120 116 71 126 126 135 137 131 121 118 126 106 82 99 137 131 131 129 125 128 117 92 90 67 61 39 46 55 67 55 58 65 56 69 126 127 101 100 108 113 101 109 116 85 87 97 84 105 119 105 115 99 81 68 79 98 101 106 78 55 62 72 76 80 78 86 101 108 101 107 120 142 166 185 201 220 233 240 244 241 234 239 239 250 250 249 249 249 247 246 249 245 241 221 202 192 122 44 45 29 27 31 40 43 47 54 59 54 79 112 66 67 75 90 78 66 41 67 74 88 108 115 130 89
25 38 66 41 61 69 75 136 125 106 98 83 118 133 120 95 97 112 127 143 139 133 134 121 115 107 67 63 48 39 59 51 71 81 70 64 65 65 67 77 74 68 101 122 115 95 75 73 76 61 90 82 77 78 84 84 103 110 78 64 66 59 57 69 98 86 64 66 55 80 101 112 89 75 127 153 182 192 218 236 240 245 243 230 236 242 244 239 242 226 223 229 234 241 233 229 218 231 203 213 209 97 26 26 32 36 35 32 35 35 46 71 108 59 65 82 88 71 64 64 76 60 100 105 90 111 127 122
23 28 48 49 28 48 64 77 57 62 96 116 123 128 123 101 96 111 86 110 150 132 107 84 58 53 62 64 62 49 52 65 87 100 75 70 101 107 106 93 66 51 58 58 58 44 47 88 90 86 81 86 83 97 76 109 112 100 90 63 58 54 43 50 41 31 38 43 49 41 40 48 57 80 145 171 198 225 233 240 237 232 237 237 242 248 242 224 216 201 212 221 231 236 236 232 225 229 216 214 222 212 62 37 39 37 28 28 28 35 55 85 87 63 64 86 85 44 50 70 83 113 99 112 123 112 103 127
56 23 34 56 32 35 52 66 82 92 103 108 107 105 111 108 77 61 76 116 108 78 66 57 55 89 80 89 58 49 44 56 111 88 65 59 79 82 89 82 88 65 58 61 74 76 65 43 38 33 39 47 47 39 49 59 51 39 46 54 54 51 45 38 37 34 37 47 46 52 61 95 97 90 138 163 211 220 231 236 241 245 249 237 233 228 224 226 236 244 247 249 249 249 244 245 237 219 192 190 223 232 189 48 37 34 29 28 35 55 82 87 71 64 57 76 77 45 37 73 78 77 108 118 112 117 100 98
207 113 30 47 41 61 102 104 110 110 104 99 87 84 83 107 89 72 67 84 111 86 75 54 92 76 72 42 39 40 43 67 93 102 52 51 65 101 101 112 106 91 74 75 66 68 57 48 54 54 43 31 31 37 39 39 43 52 41 47 41 40 39 37 50 65 65 65 70 64 72 87 132 135 156 186 212 213 216 232 237 230 241 232 238 229 240 246 248 238 237 239 237 235 247 249 238 228 190 165 179 203 213 148 52 35 24 31 56 84 101 59 49 60 61 48 30 42 49 70 75 71 90 103 121 111 111 74
38 125 194 116 41 52 112 108 99 93 94 90 89 77 77 93 88 79 61 85 102 83 62 53 45 72 46 29 39 39 34 44 70 64 57 48 37 61 90 90 61 62 57 64 79 61 58 57 61 34 23 26 30 35 30 21 19 30 48 39 26 39 54 67 81 96 65 61 73 95 113 110 107 128 175 206 211 236 238 220 225 230 231 236 231 231 232 233 235 234 242 242 245 249 250 249 241 224 187 156 174 200 199 200 60 35 26 31 49 74 72 28 47 56 50 34 37 45 54 66 67 73 55 106 114 114 128 110
46 46 30 105 128 37 47 67 65 65 66 70 70 69 68 77 83 79 69 72 59 40 66 64 46 59 58 46 43 31 26 29 50 53 54 37 30 44 65 61 69 71 77 58 54 44 34 30 30 25 22 36 36 29 21 23 20 20 25 42 50 35 49 65 75 64 94 75 56 66 100 132 145 134 184 200 213 232 223 231 226 180 180 198 228 233 237 238 235 241 244 245 242 247 248 250 250 246 226 197 204 215 196 192 125 49 57 56 71 81 68 37 34 24 26 31 44 56 60 75 87 99 64 52 120 124 109 124
50 49 25 8 35 62 33 42 41 50 60 68 76 79 81 123 112 91 81 68 56 43 36 49 45 52 44 44 38 34 18 20 20 18 25 16 24 37 69 46 70 88 70 55 47 29 27 22 25 20 28 16 17 23 9 18 24 28 30 30 40 59 58 52 57 60 68 73 83 76 91 102 126 150 191 227 234 221 234 219 219 206 202 215 232 236 249 249 249 250 247 244 237 238 250 250 251 251 250 242 233 223 208 174 215 182 63 64 64 50 50 38 20 13 28 30 39 65 64 56 88 102 95 52 50 117 116 119
90 54 18 21 48 123 57 32 44 54 65 73 80 83 83 86 78 76 83 85 65 45 36 28 30 40 28 29 29 24 21 16 26 46 34 29 18 17 37 35 62 56 35 31 30 19 21 18 16 16 17 9 12 12 14 17 11 11 21 29 27 23 35 45 64 63 72 80 78 96 98 99 124 143 215 226 246 237 235 238 227 219 213 218 226 243 229 188 176 177 179 178 172 175 176 155 157 163 171 156 178 228 201 163 190 239 180 38 38 48 45 43 16 13 29 39 50 59 62 53 67 100 113 71 62 72 120 116
48 23 19 48 83 99 137 60 40 43 46 57 68 77 81 78 75 70 86 99 85 66 44 36 28 35 37 37 25 32 27 20 28 38 28 20 23 19 7 8 7 17 23 26 29 28 18 19 14 15 18 19 16 15 10 11 16 21 24 33 26 33 51 43 50 50 56 65 60 79 100 109 121 143 212 229 243 245 238 242 245 214 202 199 223 181 150 153 176 181 192 184 173 173 180 183 174 143 125 109 107 129 163 156 184 220 213 72 29 42 21 15 18 24 26 35 54 51 47 70 35 76 123 96 81 71 98 94
31 25 50 132 171 137 63 135 130 100 76 66 60 57 55 65 71 78 84 88 98 85 59 41 37 32 21 14 14 18 26 29 25 19 20 14 10 13 6 1 3 9 8 2 15 12 18 15 13 12 6 6 9 13 12 14 16 14 23 30 32 32 26 37 45 51 41 39 56 62 66 77 84 124 202 222 247 250 243 233 237 199 180 142 144 144 177 164 158 151 145 124 111 105 113 130 134 135 136 139 125 101 126 105 161 191 195 91 18 15 15 14 21 40 28 36 44 38 40 53 50 38 87 115 74 79 116 103
20 25 44 120 163 72 84 136 151 194 186 190 188 187 176 157 150 145 141 138 137 141 95 54 40 28 23 19 16 14 13 7 13 13 7 10 10 13 8 8 4 8 7 5 2 4 3 4 11 10 12 15 19 14 16 17 15 13 15 18 17 20 15 21 41 51 46 42 45 83 74 51 58 120 215 211 236 250 250 236 222 205 150 143 142 140 118 87 58 59 76 95 75 65 74 78 60 59 75 86 99 106 105 98 120 140 146 39 5 16 16 14 26 32 25 30 25 40 51 38 57 48 75 106 82 94 94 104
66 65 56 49 39 45 63 84 87 123 174 139 147 156 165 166 167 168 168 168 172 177 159 125 111 37 28 24 20 18 16 14 10 10 6 8 3 1 2 6 3 0 4 4 1 0 0 0 4 7 12 13 11 11 13 13 11 10 14 13 15 8 15 23 36 34 37 35 52 59 58 67 62 109 217 213 220 237 245 242 222 191 142 124 73 44 30 25 18 16 15 31 58 55 54 15 14 13 11 17 34 62 72 68 116 135 128 16 16 17 16 25 38 16 24 29 32 37 46 50 46 64 65 104 97 100 106 118
79 39 37 62 52 48 61 81 84 71 70 157 162 79 67 67 68 74 79 78 74 75 85 104 113 63 36 29 24 19 15 14 14 17 12 6 9 6 5 1 0 1 1 1 1 6 1 0 4 4 13 6 9 10 15 16 13 17 17 13 14 13 12 16 17 16 16 29 40 52 86 110 132 138 179 197 195 207 229 225 177 198 163 128 50 36 29 68 80 95 68 51 59 34 60 58 69 106 101 60 27 26 35 58 122 126 79 6 15 20 23 37 38 18 26 34 42 22 33 56 56 34 47 97 116 102 120 116
30 54 69 73 56 38 40 54 69 79 79 94 106 139 168 104 73 83 105 125 143 158 162 163 164 121 77 52 33 20 15 10 7 7 7 13 12 8 1 4 2 4 1 1 0 3 1 1 2 4 2 2 2 6 13 14 13 11 17 18 15 19 15 18 19 19 20 24 33 41 48 70 96 124 128 131 152 146 153 142 106 162 171 146 65 43 53 53 61 76 73 46 31 21 42 54 95 101 68 43 49 43 46 82 114 92 20 9 19 14 19 38 34 30 24 24 51 35 25 52 64 56 43 117 124 103 127 129
62 66 66 61 47 44 45 47 45 41 42 45 51 74 108 133 150 156 146 134 129 118 116 149 149 132 121 73 47 34 31 23 13 8 6 8 7 6 1 0 0 2 2 0 2 0 0 2 6 1 3 0 2 0 2 4 9 10 14 12 15 14 13 16 16 16 22 24 22 25 25 29 24 29 61 78 98 109 96 94 125 122 131 135 82 77 40 34 52 70 79 71 62 52 37 43 52 56 44 33 30 50 55 65 77 32 8 15 21 19 25 30 28 43 33 23 42 44 33 43 68 69 71 86 116 120 128 136
57 49 54 55 47 41 45 47 42 45 73 103 118 123 127 106 87 83 95 141 132 66 83 126 126 136 131 108 62 49 46 37 26 23 16 14 13 8 1 2 4 0 0 3 0 4 4 0 0 1 0 0 0 1 8 1 3 6 9 12 8 13 14 15 16 16 7 9 13 8 8 13 16 19 23 25 43 50 71 88 104 123 79 67 72 79 55 56 34 33 38 60 95 93 90 72 58 33 31 39 37 38 37 45 8 8 14 21 21 24 33 34 28 29 47 25 43 63 55 42 69 97 99 101 97 125 128 140
99 110 113 99 44 28 45 81 113 120 120 111 81 57 49 54 59 64 62 57 56 64 120 160 163 150 131 109 60 46 47 38 29 23 21 20 16 13 6 7 2 6 0 1 0 1 0 1 2 0 1 4 0 0 4 6 3 4 10 7 8 8 6 10 6 14 14 16 15 13 11 11 15 16 16 16 17 24 35 52 78 88 71 28 34 33 33 32 31 28 27 30 30 39 55 38 40 37 28 24 23 28 47 24 8 8 3 17 30 34 47 36 36 27 52 45 42 70 55 65 43 94 123 116 117 101 126 129
95 61 44 35 62 121 135 129 103 63 34 40 54 58 55 35 27 36 42 50 51 61 83 117 125 124 133 127 93 76 53 46 34 29 25 17 13 13 13 12 10 8 4 0 0 0 0 0 3 0 0 2 0 4 3 8 4 5 7 4 4 7 8 5 5 4 11 13 14 11 12 12 9 11 15 17 14 14 13 8 13 26 52 77 54 25 27 34 45 44 35 26 21 15 14 8 14 21 35 60 77 104 45 14 19 6 1 6 19 34 27 29 33 26 34 56 69 78 81 87 56 57 94 139 121 87 114 146
68 59 76 112 143 195 139 67 61 53 53 71 97 101 75 37 35 93 126 118 112 104 88 104 128 139 135 125 120 115 72 45 33 30 26 16 18 15 6 7 8 12 13 4 0 0 0 0 7 0 0 2 2 1 2 1 1 1 1 1 1 4 3 3 4 6 0 0 4 9 0 0 0 0 0 10 6 1 6 10 0 0 0 6 76 112 105 75 65 54 57 60 57 44 33 29 42 57 85 69 25 7 13 18 17 19 1 2 17 50 24 28 33 46 38 55 78 71 87 101 111 74 60 122 132 102 99 105
66 67 94 118 162 215 189 106 68 79 106 104 90 64 50 44 46 50 48 57 80 108 123 120 127 145 128 107 109 77 55 54 57 51 30 16 13 14 17 8 5 5 8 1 7 4 2 0 0 0 2 0 2 0 0 0 0 4 0 1 4 0 0 1 4 3 0 1 0 1 0 0 0 0 1 1 1 1 1 4 0 0 0 0 0 8 14 34 48 56 62 57 44 44 34 37 33 16 2 3 1 0 13 16 21 18 13 8 15 30 38 44 34 65 51 58 42 68 103 98 107 125 63 102 129 117 127 102
86 144 164 155 158 211 184 132 110 109 104 72 59 65 73 61 58 59 62 63 50 43 52 72 106 117 103 76 66 64 62 56 52 44 29 16 15 10 10 13 12 10 4 9 5 6 3 1 1 1 0 1 2 0 0 1 0 1 0 3 1 0 0 0 0 0 2 1 0 0 0 0 0 0 1 0 2 0 1 0 1 0 0 0 0 0 0 0 0 0 0 0 0 0 0 0 6 0 4 3 0 8 13 14 12 19 12 8 18 36 47 56 41 51 69 81 55 37 74 82 115 129 117 121 125 145 129 134
47 118 160 164 166 156 165 125 114 101 50 36 46 60 107 154 109 62 70 68 62 51 39 31 41 118 137 119 90 104 97 70 52 42 28 18 14 17 14 15 8 8 7 1 3 1 1 6 4 3 1 4 1 3 1 2 0 0 0 2 1 0 6 1 0 0 0 1 0 1 1 1 0 0 0 1 0 0 0 1 0 0 0 0 0 1 0 0 0 0 0 0 0 1 0 0 0 2 0 0 2 4 0 5 3 15 9 18 18 29 41 64 39 56 54 79 71 66 62 41 87 115 117 125 88 112 141 143
53 92 108 121 106 129 122 120 103 50 56 74 111 139 133 125 149 78 41 42 42 30 21 32 61 65 59 102 117 107 91 77 62 51 38 31 23 20 16 17 11 14 6 2 1 1 0 9 3 0 8 0 0 0 0 0 0 0 2 0 0 0 2 1 0 3 1 0 0 0 1 0 0 0 0 1 0 0 0 0 0 0 0 0 1 0 0 0 1 0 0 0 0 2 0 0 1 0 0 0 0 6 7 1 10 19 21 28 30 35 32 35 56 59 66 68 75 96 71 58 45 82 62 115 108 104 104 133
48 44 80 100 110 91 83 116 77 56 80 128 113 113 120 109 116 59 24 34 51 68 75 79 99 104 91 76 67 74 103 87 73 61 41 44 34 45 32 13 15 6 2 6 12 6 5 4 2 1 4 5 1 1 0 2 4 0 0 0 0 0 2 0 1 1 1 2 0 0 1 0 1 0 2 0 1 2 0 0 0 1 0 0 0 1 0 0 0 0 0 0 0 0 0 0 1 0 0 1 4 4 2 2 24 26 22 40 37 47 41 5 31 52 77 83 72 78 82 97 78 75 69 70 50 69 116 132
76 97 110 104 109 122 118 88 66 72 131 182 146 128 128 136 99 63 68 70 72 76 90 95 97 99 90 78 57 51 74 103 105 84 57 43 36 20 20 21 11 14 17 16 12 2 2 5 9 10 4 7 0 0 1 0 1 0 0 1 0 0 0 0 2 1 0 0 0 0 2 3 0 0 0 0 0 0 0 1 1 1 0 0 0 0 1 1 0 0 0 1 1 0 0 0 0 0 1 0 0 0 0 0 24 29 37 46 51 50 32 15 32 38 74 79 74 56 85 93 91 91 105 81 56 79 90 105
98 143 118 109 109 114 113 104 109 120 144 168 138 112 124 114 99 86 81 61 50 46 45 45 52 88 127 117 77 65 72 103 102 70 54 42 29 29 21 20 24 21 10 5 0 0 1 1 7 3 2 0 3 1 6 1 3 1 4 0 0 1 4 1 1 0 0 0 4 2 0 1 0 0 0 0 1 0 0 0 1 0 2 0 0 0 1 0 0 0 1 0 1 0 0 0 4 1 4 4 0 1 0 4 6 29 40 61 60 59 45 33 32 28 54 76 76 90 72 104 97 113 111 87 80 66 74 110
38 68 132 112 110 110 102 96 99 116 137 115 106 125 115 61 51 64 62 41 31 28 32 37 49 73 91 83 59 52 66 65 64 51 40 54 57 45 29 25 21 12 8 0 0 4 5 10 10 9 2 1 0 0 3 1 0 1 1 0 0 0 0 0 0 3 0 0 6 1 2 0 0 0 0 0 0 0 0 0 0 0 1 1 0 2 1 0 0 0 1 0 0 0 2 4 4 6 0 4 2 3 4 2 0 6 33 37 63 54 54 39 35 25 31 53 65 72 69 110 88 100 107 74 65 57 71 82
97 54 74 105 106 99 89 90 93 90 103 119 115 99 74 55 54 57 56 55 56 63 54 54 59 75 82 59 46 62 64 64 51 39 38 56 63 51 55 60 42 24 17 15 11 11 8 13 1 9 6 1 6 5 6 0 0 1 0 0 0 1 0 0 1 2 0 6 0 2 1 1 0 0 0 0 1 0 0 0 0 0 0 0 0 0 0 0 0 1 1 2 0 0 1 0 1 0 2 1 7 8 5 1 2 4 16 35 61 57 58 42 41 49 30 27 45 59 51 74 99 88 110 72 62 65 72 72
46 95 102 94 96 88 85 89 81 81 108 105 87 82 87 89 112 122 132 120 103 76 69 66 70 88 80 63 73 106 103 65 51 47 50 45 53 82 125 101 83 70 45 37 18 20 16 12 1 4 0 2 2 2 3 1 1 2 1 0 0 0 0 0 2 1 1 0 2 0 2 1 0 1 0 0 0 0 0 0 0 0 0 0 0 0 0 0 0 0 1 4 2 1 0 2 7 3 4 4 12 9 4 7 0 4 5 20 36 40 28 50 50 54 48 29 27 52 57 67 66 86 85 81 69 56 76 65
32 60 83 98 82 86 84 93 113 99 69 54 61 77 91 114 127 138 132 108 76 70 75 71 91 92 63 59 104 131 117 82 56 80 88 52 29 71 103 85 89 111 96 53 28 20 19 16 8 8 5 6 2 1 0 4 2 0 5 2 0 3 3 0 0 1 1 1 0 0 3 1 0 0 1 0 0 0 0 0 0 0 0 0 0 0 0 0 0 0 0 0 0 1 0 1 5 9 6 16 8 13 2 15 13 6 2 19 25 15 22 39 36 59 46 38 26 40 58 63 51 74 82 90 62 73 74 69
64 71 83 80 88 74 80 61 60 51 71 99 74 40 51 73 75 79 82 83 91 89 104 116 110 60 69 109 130 120 85 70 81 80 98 62 34 45 87 100 113 93 60 40 21 22 17 21 16 15 15 8 6 7 3 2 9 2 2 3 1 0 5 2 1 1 6 1 0 0 0 0 1 0 0 0 0 1 0 0 0 0 0 0 0 0 0 1 0 0 0 0 0 0 0 1 0 7 13 16 16 10 15 14 15 1 15 38 26 17 20 27 26 60 56 38 41 35 57 48 47 63 78 72 61 88 93 87
201 175 46 47 43 83 78 51 17 38 58 85 53 33 32 42 48 59 78 105 113 106 103 92 79 117 126 112 78 59 68 78 101 110 84 72 93 126 129 126 132 131 81 54 31 23 18 15 20 23 14 7 4 1 4 1 1 3 2 0 3 4 0 0 0 1 0 8 5 1 0 0 0 0 1 0 0 1 0 0 0 0 0 0 0 0 0 0 0 0 0 0 0 0 4 3 0 9 15 16 4 13 8 26 20 14 34 49 37 21 36 22 42 41 47 41 61 40 49 32 30 66 79 60 78 80 97 109
40 163 142 104 94 95 86 68 57 53 59 97 90 48 34 44 43 59 82 99 90 73 65 76 107 126 95 65 53 56 71 76 83 110 129 129 91 57 57 102 109 119 102 79 91 60 39 31 22 18 13 7 1 7 4 0 2 8 2 1 2 9 4 4 4 2 5 5 9 1 2 1 0 0 0 0 0 0 0 0 0 0 0 0 0 0 0 0 0 0 0 0 0 0 0 5 1 0 0 4 6 8 18 26 17 17 29 40 29 26 42 26 51 55 51 35 63 42 47 25 28 41 58 83 89 78 80 104
164 164 154 152 122 87 94 64 25 27 27 22 101 138 72 67 121 107 75 47 47 61 77 95 104 62 39 41 51 62 116 126 135 132 104 78 86 80 74 91 107 70 77 90 99 62 48 43 33 22 15 8 12 3 6 3 1 4 2 7 5 3 1 4 8 1 6 6 6 3 0 1 0 0 0 0 1 0 0 0 0 0 0 1 0 0 0 0 0 0 0 0 0 0 0 4 0 0 1 1 8 5 21 25 16 25 29 29 26 21 38 32 37 51 46 41 69 42 49 18 15 26 26 65 81 69 97 86
146 134 93 49 10 35 53 32 31 34 21 27 41 65 40 47 104 70 25 50 114 139 122 79 51 45 55 61 57 76 97 99 112 120 101 44 77 104 92 112 115 88 46 58 78 73 62 64 60 31 14 3 6 12 11 2 4 3 1 7 1 4 7 6 10 3 3 4 7 5 6 0 0 0 1 0 0 0 0 0 0 0 0 0 0 0 0 1 0 0 0 0 0 0 0 0 2 5 5 2 6 10 14 15 41 24 24 29 23 37 34 29 32 24 41 37 54 44 53 30 25 35 27 52 69 84 80 97
18 20 25 54 77 57 77 59 22 41 67 65 67 70 66 33 71 132 143 126 103 78 54 49 54 100 127 137 129 122 108 100 102 113 119 143 116 120 111 100 108 93 62 62 67 80 102 101 62 36 20 17 16 17 14 12 2 0 1 7 5 2 9 4 9 8 5 4 5 3 5 1 3 0 0 0 0 0 0 0 0 0 2 0 0 0 0 0 0 0 0 0 0 0 0 2 12 13 13 8 2 4 9 13 25 26 31 21 6 23 18 28 23 17 28 40 40 50 51 42 39 48 37 61 42 48 65 59
13 3 12 38 37 47 56 68 32 36 46 52 45 58 47 43 93 125 155 136 69 58 65 69 77 111 128 147 145 122 114 108 108 107 116 142 88 79 103 113 98 79 64 59 95 92 99 73 51 64 56 34 32 30 24 15 13 10 6 6 4 4 12 6 6 10 9 7 4 8 3 10 1 0 0 2 1 0 0 1 1 0 0 0 0 0 0 0 0 0 0 0 0 0 2 10 15 14 13 11 11 9 1 13 30 44 24 14 14 26 34 37 33 31 34 30 38 53 53 66 60 67 54 71 43 51 59 52
10 6 12 12 15 28 37 32 24 27 74 106 100 109 84 155 157 118 86 89 104 120 126 106 83 144 208 227 211 133 121 125 124 116 102 64 71 113 113 97 95 68 68 72 75 99 83 50 53 64 78 54 46 42 27 20 17 10 13 6 4 3 12 6 13 8 12 6 11 13 8 7 1 1 0 6 3 1 2 1 1 0 1 0 0 0 0 0 0 0 0 0 0 0 0 4 17 16 19 11 8 12 0 8 7 8 16 19 34 29 33 37 36 31 38 30 30 46 48 65 55 66 54 67 46 53 62 65
28 31 21 15 29 39 29 32 36 31 78 92 47 50 63 97 124 112 97 85 79 93 127 103 107 86 48 38 42 50 68 73 113 125 111 77 83 75 83 112 108 102 94 74 63 75 97 120 105 76 100 83 63 44 26 17 18 21 17 8 6 1 10 12 7 9 10 12 8 13 12 2 1 1 2 2 1 0 0 1 2 0 0 0 0 1 1 0 0 0 0 0 0 0 2 3 10 22 16 13 15 6 0 8 8 18 34 34 29 42 30 19 29 24 32 27 39 47 39 60 35 55 45 55 44 55 57 59
33 38 43 65 69 48 60 86 97 104 43 76 74 57 45 63 69 58 65 90 73 68 67 77 74 59 66 80 91 108 110 104 101 123 123 61 62 62 73 91 103 98 86 69 87 115 139 137 136 109 67 56 58 53 29 23 33 34 35 30 20 7 7 9 9 6 8 9 6 14 13 7 2 1 2 0 6 7 0 0 0 1 5 4 0 0 0 0 0 0 0 0 0 0 2 12 17 23 17 20 14 7 10 13 28 33 43 29 27 33 17 19 17 24 27 25 29 32 44 47 24 47 42 38 37 44 41 27
107 102 75 88 76 43 41 48 58 72 45 62 67 38 35 79 136 130 75 62 55 33 54 84 78 86 103 128 140 116 112 107 95 109 97 87 127 95 105 108 143 148 117 91 59 95 109 112 104 87 88 65 46 44 39 33 33 49 48 42 20 10 12 13 9 4 1 7 12 9 4 6 1 3 2 0 6 3 8 0 0 0 0 4 1 0 0 0 0 2 0 2 0 0 13 20 23 19 17 14 11 18 17 24 27 29 27 29 32 21 8 9 16 16 13 15 23 33 26 34 26 36 39 41 28 27 31 22
53 45 52 56 79 78 99 93 101 84 60 28 40 26 16 41 69 51 36 51 71 66 70 92 103 88 111 106 96 117 123 120 137 108 70 90 143 134 108 139 137 107 92 49 39 52 67 47 52 47 42 53 46 43 45 46 47 60 62 52 24 26 67 27 16 12 8 12 7 6 3 2 2 2 0 0 1 1 4 1 1 1 0 2 1 0 0 0 0 0 0 0 1 0 14 22 21 21 21 20 19 25 22 21 21 16 25 22 16 10 4 13 20 16 13 9 13 18 20 17 25 30 35 25 27 39 28 42
74 43 23 26 46 53 103 127 128 112 74 71 53 45 37 45 88 89 62 55 36 36 41 26 30 75 66 60 86 110 101 69 55 63 60 83 101 102 108 72 59 89 123 62 49 70 71 44 25 30 28 51 57 31 23 56 42 34 54 54 34 28 43 29 29 23 12 10 7 13 8 1 1 1 0 0 1 2 1 0 1 0 2 1 1 2 0 0 1 0 0 0 0 5 16 19 16 15 24 21 27 21 24 26 18 18 25 13 9 11 15 15 14 9 14 3 13 16 28 18 23 37 32 16 21 29 29 26
50 38 36 39 39 30 51 60 53 43 48 54 60 49 40 54 75 108 107 105 77 70 70 41 44 51 65 65 54 93 147 158 142 91 65 48 97 132 120 126 132 157 106 62 59 121 130 102 76 65 48 55 42 46 123 60 56 55 30 28 21 29 41 47 37 25 20 7 11 14 8 4 1 0 1 0 0 2 0 3 1 1 0 0 3 1 1 0 0 0 1 1 1 2 17 14 13 17 16 28 30 24 29 33 31 33 20 3 15 17 10 9 9 23 18 9 0 7 24 13 13 23 27 20 13 18 22 13
63 65 68 64 46 51 52 44 55 54 50 58 73 71 56 70 108 137 134 114 107 102 156 147 97 59 53 47 53 44 31 54 75 90 88 94 140 109 62 112 157 174 133 100 122 125 54 53 75 59 69 104 100 120 94 31 50 85 79 58 31 41 37 31 28 9 10 12 18 21 13 12 8 1 2 4 1 1 0 1 0 0 1 1 0 1 0 0 0 1 0 0 1 7 8 9 10 13 18 23 29 33 40 27 24 21 12 24 17 17 15 8 11 16 16 9 0 15 20 11 4 25 35 25 12 21 29 16
122 133 129 124 78 71 64 74 83 63 49 48 53 61 63 68 107 100 98 92 98 81 62 70 101 100 71 58 57 61 54 53 54 51 57 94 137 149 159 140 132 118 140 110 24 58 111 156 129 92 86 97 79 122 89 57 70 79 79 63 68 63 48 53 113 104 66 58 42 35 21 9 2 0 6 1 0 0 1 0 0 2 0 0 0 2 0 0 1 0 0 0 0 1 7 1 12 16 19 23 24 39 38 26 25 25 18 14 15 18 13 12 15 23 13 9 9 8 3 10 2 14 21 32 21 24 29 33
128 124 119 112 74 121 139 149 130 74 40 42 46 36 29 45 87 95 89 109 97 57 54 88 113 76 95 142 149 119 85 97 83 58 45 111 105 99 81 139 152 155 99 131 157 192 209 185 152 112 102 131 129 77 73 140 153 150 151 142 110 126 142 129 122 81 61 61 42 43 30 17 22 10 1 5 2 1 0 0 0 0 0 0 0 0 0 1 0 0 0 0 0 0 6 12 11 24 26 29 34 26 39 35 33 23 24 20 23 12 12 24 15 9 15 2 16 13 8 13 10 12 17 37 24 18 22 29
99 86 59 59 101 130 104 116 103 97 94 66 42 44 50 70 66 68 83 110 117 103 78 118 137 93 142 118 75 70 77 128 125 83 56 57 64 69 159 191 154 116 176 166 144 178 150 114 179 185 150 84 67 127 137 95 131 93 64 55 63 64 70 81 197 121 48 45 56 59 60 41 28 15 3 6 0 4 0 0 0 1 0 0 0 0 1 0 0 0 1 0 1 0 6 9 15 26 43 37 37 34 28 22 21 23 22 27 23 26 26 23 13 12 12 12 7 13 14 10 12 15 17 18 24 21 27 19
59 61 74 66 67 83 80 98 102 73 52 49 69 82 64 76 63 52 41 40 43 85 128 75 37 49 85 101 123 154 99 95 125 108 103 101 69 83 138 129 149 163 157 97 43 72 130 145 146 160 182 162 117 54 59 41 94 135 102 123 120 128 79 93 187 140 121 97 74 112 144 138 58 25 12 12 2 1 0 1 1 2 0 2 3 1 0 2 1 0 0 0 0 2 14 16 21 21 33 28 36 20 18 36 24 37 32 28 29 38 33 20 11 15 9 9 10 21 16 23 14 20 17 17 25 16 17 21
62 79 82 65 72 55 26 24 39 77 56 43 32 34 41 23 16 30 43 41 25 55 98 94 90 118 68 76 65 46 49 45 53 52 73 81 46 43 66 130 160 123 94 98 59 36 100 82 158 197 120 118 150 194 213 182 141 152 146 107 53 44 81 140 175 54 69 92 83 114 176 146 90 48 28 21 8 5 0 0 0 1 0 0 3 7 2 2 0 0 0 1 0 1 1 2 13 18 33 19 14 27 33 13 27 29 33 29 29 31 41 23 12 10 20 12 13 9 24 22 16 22 33 17 26 16 19 13
75 83 72 46 36 59 77 78 56 61 75 53 34 18 18 26 35 58 29 24 50 69 91 94 63 127 54 64 54 33 49 45 40 66 118 115 50 43 82 146 172 127 83 71 25 18 40 30 12 17 27 22 35 86 85 149 218 198 155 173 164 134 100 110 80 95 125 115 77 55 82 67 63 92 90 49 26 15 5 1 0 4 0 8 1 2 3 5 1 0 1 0 1 0 1 23 14 20 18 13 13 21 8 15 28 37 32 28 25 42 24 24 18 25 23 20 18 20 25 22 17 25 27 19 22 27 20 19
96 101 94 91 80 107 112 91 45 35 36 19 16 18 20 30 23 38 28 19 23 54 77 108 127 123 55 51 49 38 45 48 72 127 172 181 136 111 65 78 111 85 80 71 35 19 6 1 5 0 2 5 15 64 39 21 28 55 31 15 49 69 113 147 184 182 166 152 162 170 166 156 132 157 104 54 43 26 16 10 7 6 0 5 9 1 1 4 2 1 3 1 3 0 8 1 1 10 14 13 13 12 16 26 46 45 27 30 36 38 24 30 17 28 24 24 16 18 25 26 16 27 33 19 24 37 26 19
123 137 83 77 119 134 119 80 66 52 48 31 27 26 19 25 35 42 75 88 78 56 50 50 83 135 106 76 75 62 44 43 66 104 144 150 123 128 134 123 106 101 97 110 59 35 30 30 12 23 44 40 60 93 59 7 18 39 17 1 4 36 94 72 79 72 67 108 140 123 125 131 130 121 104 71 97 118 85 34 13 4 5 6 1 1 1 0 3 0 4 6 0 1 0 6 5 5 12 2 4 0 10 39 37 26 28 26 32 25 33 22 23 21 26 32 26 15 24 28 25 24 23 23 21 26 24 16
125 116 82 78 122 100 66 55 64 49 35 21 27 37 35 38 41 37 39 56 67 73 69 63 70 81 141 141 98 66 52 47 64 125 168 157 148 156 149 125 142 146 145 147 107 47 60 53 25 25 28 32 48 92 55 86 62 12 10 10 15 38 33 11 1 8 18 69 56 11 3 9 20 34 49 88 125 129 108 56 26 15 2 2 1 1 1 0 0 0 0 1 1 0 3 2 0 1 2 0 0 4 6 21 25 20 18 31 31 27 32 28 28 24 31 21 25 21 20 20 23 21 13 18 22 17 25 18
61 73 102 119 66 71 73 82 108 109 72 92 88 97 117 110 95 75 68 72 62 60 50 68 97 127 134 132 94 62 38 40 53 69 121 149 154 158 130 83 84 76 74 110 104 36 56 79 67 62 26 51 53 14 8 19 21 22 26 42 59 48 39 17 10 23 25 66 160 111 102 122 111 60 153 161 97 69 70 90 96 50 19 7 0 0 0 0 1 0 0 1 0 0 2 1 0 0 0 1 0 2 0 6 15 14 21 39 34 43 26 37 39 26 33 24 25 21 18 17 25 18 20 19 10 16 8 9
57 38 69 75 82 146 146 128 149 127 60 86 143 157 138 150 153 130 106 111 109 107 94 93 69 120 125 118 100 74 60 29 35 42 64 70 73 62 57 70 82 91 79 102 75 23 30 89 52 35 23 17 14 16 86 150 138 116 91 68 63 67 63 43 35 66 66 76 124 131 67 54 75 73 187 195 175 129 53 65 115 92 45 15 7 4 4 0 0 0 0 0 0 2 1 1 1 0 0 1 0 2 1 4 6 22 28 34 47 44 43 54 28 30 47 29 24 26 26 27 36 16 13 18 6 8 13 8
43 36 57 81 112 133 141 186 203 160 66 96 81 103 126 153 161 155 108 89 106 135 133 112 83 78 108 98 79 85 57 65 120 83 57 84 104 116 114 129 147 141 134 116 111 140 138 135 56 69 122 118 83 84 43 82 114 93 68 69 67 74 130 131 52 87 90 72 89 75 68 98 57 31 60 81 45 32 49 75 129 124 83 48 25 13 3 0 0 1 1 0 0 0 0 2 0 0 0 0 0 0 1 2 13 21 29 29 34 42 71 49 30 36 39 24 28 33 30 32 32 9 8 32 14 6 8 14
121 81 72 108 170 146 149 119 103 80 73 80 66 75 76 131 160 174 161 106 92 82 71 66 95 126 144 132 104 74 56 67 101 94 52 73 75 76 102 121 135 120 105 112 164 155 152 130 80 64 54 91 93 78 114 84 69 104 138 145 134 118 102 95 69 84 127 128 109 70 78 116 113 122 95 56 86 117 111 82 107 129 136 130 110 40 12 8 1 0 0 0 0 0 0 1 1 1 0 1 0 2 2 4 14 14 14 28 39 62 67 43 31 39 36 18 32 33 18 30 33 13 3 31 17 7 14 14
143 100 120 87 108 77 100 81 62 53 77 83 116 153 175 129 115 140 166 160 115 131 86 37 36 78 127 156 156 129 64 64 107 142 76 87 106 132 129 99 68 74 104 100 92 112 127 116 81 119 145 175 173 126 108 105 118 123 93 91 135 128 66 53 44 36 101 152 141 128 158 163 132 75 71 53 79 93 127 125 114 141 156 139 139 55 21 15 9 2 1 0 1 0 1 1 2 1 1 2 3 2 0 0 2 4 24 27 45 67 52 42 40 39 37 13 29 30 15 4 19 23 7 24 24 16 6 7
123 136 109 78 73 73 159 189 121 64 92 75 86 108 123 135 123 96 110 135 130 121 98 75 80 69 81 90 92 73 67 126 118 114 61 66 94 98 95 72 70 68 63 39 32 82 125 107 73 110 139 140 130 87 56 53 96 136 142 100 50 47 29 27 64 117 131 130 132 125 113 111 108 88 112 161 130 134 146 123 76 105 136 130 140 118 127 94 36 20 10 3 1 0 1 0 1 1 1 5 0 4 2 1 2 1 15 34 61 59 49 42 35 45 33 14 31 39 20 15 9 18 17 8 9 9 15 8
159 139 72 60 79 62 129 148 61 80 102 61 36 66 121 117 105 128 131 143 115 98 122 102 74 59 33 18 13 17 14 30 54 45 50 76 94 98 103 66 55 74 61 58 72 87 96 90 60 70 103 134 131 69 50 55 67 62 64 81 77 49 23 30 69 87 71 82 101 66 32 28 52 68 133 188 209 216 154 145 156 161 165 138 53 73 96 100 81 42 26 12 6 1 1 1 0 1 1 3 2 4 7 1 0 13 26 37 47 49 47 50 43 47 33 21 19 34 24 13 13 13 21 15 6 6 6 17
147 143 64 83 149 82 130 137 73 133 126 62 66 121 114 131 104 99 81 114 125 82 91 81 111 46 21 16 19 22 30 39 38 28 27 62 77 85 115 128 92 140 110 91 138 124 97 79 75 110 117 87 67 40 40 36 34 39 35 40 66 108 102 43 102 137 84 93 123 103 91 118 107 66 146 177 175 167 134 47 55 112 162 159 89 94 137 126 67 15 8 13 10 3 4 0 0 2 1 1 0 0 6 6 6 10 29 43 51 41 53 46 41 43 32 24 24 25 18 21 16 6 6 11 7 4 8 9
120 74 63 68 106 98 103 115 75 126 134 53 165 199 134 140 154 157 138 119 61 35 71 88 72 73 117 143 135 80 132 160 167 129 114 104 123 111 135 151 115 91 96 102 72 137 151 120 76 56 38 53 53 39 38 33 25 25 36 46 88 124 110 68 102 114 81 76 59 44 38 38 58 44 57 96 153 187 156 83 57 116 86 82 88 78 158 167 141 147 153 151 67 43 14 0 1 0 1 1 0 0 0 5 12 23 28 30 42 53 53 49 46 44 34 29 28 23 24 23 17 13 8 10 17 15 13 5
66 53 46 73 88 91 136 76 45 72 79 39 67 123 98 130 149 150 160 143 70 70 76 93 76 108 132 145 110 106 159 116 79 117 129 130 134 104 101 62 48 57 68 94 69 108 119 109 41 15 36 75 79 97 59 104 141 142 144 112 90 121 92 88 73 75 89 61 51 50 38 36 62 75 68 69 66 61 72 90 57 60 45 69 53 40 65 97 74 76 57 33 19 35 108 32 0 1 0 0 0 0 0 3 10 18 24 37 53 56 43 50 49 38 44 37 27 29 26 26 16 16 6 6 10 8 8 8
86 57 39 69 103 100 90 63 52 35 53 53 41 99 93 109 112 125 143 129 62 34 53 76 77 138 105 79 71 69 80 93 93 63 76 144 122 71 74 87 71 45 42 18 70 110 75 62 62 72 51 68 97 101 46 52 61 54 62 113 116 70 72 72 62 33 33 34 59 67 126 99 60 26 9 9 35 64 96 115 75 30 50 66 88 80 66 111 82 54 80 98 103 123 28 22 4 0 1 2 4 0 0 0 5 14 25 33 53 49 45 44 42 44 46 46 28 37 28 18 13 21 8 8 9 12 10 12
95 52 46 60 48 116 171 157 44 64 67 61 36 63 79 75 99 140 112 90 83 88 99 128 96 100 49 87 82 45 51 80 137 151 89 119 142 100 114 60 35 57 66 76 121 148 153 146 95 140 74 116 155 143 107 46 69 96 138 168 154 130 67 54 45 34 31 49 71 89 134 158 142 66 28 10 14 56 66 40 29 22 58 69 72 67 40 87 89 57 70 121 136 89 45 19 12 1 0 0 0 0 0 0 7 12 24 45 35 39 50 43 54 41 53 31 27 26 26 13 15 17 7 5 5 0 0 15
58 57 78 125 117 165 152 49 40 50 73 66 37 39 43 67 98 125 67 34 57 54 82 91 62 49 84 121 87 76 113 171 133 118 59 62 68 76 93 87 70 65 76 36 113 130 128 152 129 47 58 38 49 36 59 79 52 48 55 43 51 69 74 66 60 44 39 64 67 53 64 72 71 46 37 43 40 40 39 18 12 8 7 24 26 27 32 47 62 38 90 121 58 22 19 24 12 8 0 0 0 1 1 2 10 8 6 18 34 50 39 39 57 56 59 29 36 34 24 21 15 16 1 4 1 5 1 6
61 66 115 129 106 126 36 72 52 64 101 63 37 29 49 62 65 108 123 117 56 44 66 57 72 36 65 110 75 51 55 72 148 137 79 71 49 70 80 68 65 72 86 77 85 66 105 97 110 69 62 38 55 75 31 35 50 66 66 36 41 51 64 53 46 45 22 21 30 52 60 64 118 124 69 26 33 56 54 57 63 37 38 37 28 62 72 28 51 76 46 63 104 105 58 35 38 36 1 0 1 1 0 0 1 5 8 20 32 30 39 41 53 62 51 29 29 40 21 18 15 14 6 0 7 2 0 1
61 66 96 137 78 47 96 73 96 72 68 74 54 38 43 73 64 65 85 66 56 72 106 94 118 91 94 75 62 64 48 56 60 89 63 70 47 67 70 71 68 54 45 51 62 87 114 114 59 101 115 74 72 77 49 27 36 42 34 76 91 72 37 27 32 29 79 64 51 65 93 58 150 150 98 53 43 27 22 26 32 25 30 65 83 73 43 23 26 32 40 56 54 39 49 29 36 42 6 3 0 0 0 2 1 3 13 24 24 37 50 50 37 62 59 29 30 37 19 23 22 11 16 6 4 9 10 3
109 111 146 86 100 117 50 46 73 69 67 56 43 33 56 75 81 71 73 58 56 56 57 69 60 58 65 74 61 44 71 81 75 55 46 83 45 50 48 52 57 38 49 43 32 38 58 59 62 98 67 74 42 41 51 70 85 52 41 62 70 62 70 40 28 41 31 41 40 89 95 44 141 151 118 66 37 28 12 20 29 25 21 66 159 170 180 110 30 43 47 80 82 72 38 54 30 1 2 1 0 4 1 0 1 7 14 28 25 39 39 41 41 58 60 32 24 28 19 20 18 18 13 22 9 15 15 10
83 91 97 44 111 113 71 71 82 126 199 117 74 98 96 99 113 138 130 116 148 157 157 128 118 132 121 83 67 69 101 103 36 41 38 110 149 66 59 38 111 86 48 77 53 108 107 86 92 147 137 87 51 71 79 64 63 101 62 77 91 130 77 43 57 40 23 39 47 31 32 43 135 145 71 46 15 20 43 15 9 7 30 85 153 129 103 79 52 40 59 73 75 67 71 57 15 3 4 3 1 1 8 1 5 15 9 21 29 22 27 30 34 54 52 37 22 24 24 13 6 14 13 14 19 23 1 14
52 116 122 109 61 60 68 53 90 172 125 110 111 118 121 107 46 81 139 89 68 102 116 104 76 81 96 59 45 47 30 66 111 107 61 33 132 56 40 85 80 39 50 74 78 114 132 134 103 155 169 176 120 201 175 41 46 33 40 86 83 117 84 43 58 83 38 55 64 75 110 82 76 100 36 49 2 1 7 12 25 10 22 53 48 60 66 76 92 85 68 86 72 62 58 34 21 14 8 6 10 7 2 2 9 10 13 15 20 27 19 18 47 60 42 34 20 20 17 5 5 4 8 3 19 1 21 19
75 55 75 66 70 63 66 61 60 107 104 86 35 22 15 20 64 104 68 103 210 117 83 66 38 36 22 15 13 28 55 115 148 123 76 88 69 72 146 106 106 63 48 91 121 163 154 165 156 163 155 133 74 111 101 51 56 31 32 28 33 38 41 77 74 58 57 54 38 51 119 166 112 37 38 29 16 26 31 18 21 22 47 97 58 33 18 28 50 38 15 12 4 9 23 26 29 29 52 148 74 13 15 15 14 15 16 17 25 36 26 34 63 57 41 29 16 20 14 6 8 9 1 2 9 8 6 0
152 109 97 102 76 72 122 197 125 49 26 82 72 68 91 30 16 35 58 142 152 164 97 47 45 70 73 100 132 85 51 131 171 62 124 112 98 77 164 86 80 53 52 66 66 157 161 148 94 148 177 133 176 167 41 45 19 38 76 52 56 59 57 42 42 40 34 28 39 45 40 26 28 37 72 95 86 62 58 120 113 81 79 58 40 16 1 37 19 13 5 3 6 1 6 14 1 17 148 134 25 0 1 0 4 12 8 16 29 31 37 40 65 58 35 33 19 15 13 6 4 10 0 2 13 9 1 0
181 118 124 155 145 122 83 76 75 75 68 77 46 32 80 152 91 209 201 216 155 99 118 73 72 103 56 44 31 96 120 26 167 128 139 125 83 48 76 63 58 96 159 175 167 87 66 161 143 154 155 125 188 157 153 147 84 57 65 132 69 58 76 30 45 38 48 51 57 68 82 76 82 87 79 89 141 117 83 68 59 108 97 73 35 19 15 38 0 4 0 0 0 0 0 4 2 9 84 35 0 0 1 1 1 1 0 14 21 35 42 60 70 41 30 31 8 9 18 4 0 8 15 0 8 10 25 17
102 94 147 120 162 104 104 162 125 74 112 99 74 56 125 181 154 167 123 196 178 128 94 130 105 122 120 130 119 137 125 82 167 229 132 66 51 53 77 63 90 115 52 43 80 110 128 117 61 140 153 66 51 81 62 78 53 32 15 44 77 81 97 46 92 79 39 52 45 39 87 107 51 51 84 84 46 106 155 119 159 91 50 39 28 19 24 48 2 1 2 4 0 0 1 14 2 13 114 10 0 1 0 2 2 0 2 13 20 39 53 68 67 21 32 17 15 14 13 11 2 8 16 14 16 21 10 12
