138 142 145 135 102 62 46 48 54 61 66 64 57 45 31 23 31 56 71 58 46 35 31 35 43 45 45 50 55 56 52 49 48 47 44 42 40 39 35 29 28 31 32 29 34 39 45 48 30 22 18 19 25 26 32 48 62 71 72 55 33 27 29 45 48 36 35 45 57 60 49 41 41 37 40 57 65 70 77 70 39 31 64 92 95 83 64 52 39 40 55 69 81 89 88 90 88 77 70 49 34 39 45 33 22 27 34 34 31 29 30 31 40 57 64 62 62 64 60 55 52 47 54 90 108 108 101 96
117 133 141 128 103 79 68 72 82 78 64 61 63 56 35 26 33 41 50 51 44 38 38 42 47 48 46 50 57 59 59 61 62 59 54 51 51 50 50 48 42 39 38 33 40 44 40 37 25 25 24 20 21 26 32 49 77 95 88 63 34 18 23 48 57 48 53 72 86 91 91 81 58 44 58 79 91 101 111 102 59 26 38 72 80 66 58 50 35 27 26 31 46 82 104 101 102 87 68 46 34 40 42 30 24 30 35 34 32 33 32 31 35 52 63 65 61 60 55 52 49 43 38 42 59 84 97 102
70 68 64 53 39 39 63 111 141 130 88 65 63 54 38 36 39 33 38 45 45 39 36 36 42 45 48 54 58 55 53 53 56 55 56 60 61 57 53 49 43 42 42 36 36 40 34 28 23 29 34 36 40 52 67 71 70 62 55 53 39 20 19 40 47 42 45 58 68 75 82 84 74 51 45 53 63 73 78 76 60 35 18 24 43 59 61 47 41 36 34 47 68 80 72 69 85 98 97 84 76 65 44 26 24 31 34 30 25 24 24 28 30 39 50 57 57 57 55 51 46 40 36 35 46 72 96 108
88 54 31 27 33 45 82 146 173 154 100 66 62 55 46 45 43 34 39 44 45 37 30 28 32 32 33 39 43 41 41 44 48 50 62 74 71 61 52 54 47 35 39 42 35 34 33 29 35 63 81 92 90 77 64 60 60 60 61 63 47 24 22 36 36 30 34 44 51 55 58 62 63 58 52 44 39 43 49 58 66 60 39 20 26 52 65 59 64 65 72 82 75 68 66 66 87 100 76 61 67 76 60 29 28 36 38 35 31 32 33 36 39 44 45 49 55 60 63 61 49 37 38 61 87 111 120 113
87 69 50 47 53 60 89 147 172 149 91 59 68 74 61 43 42 39 45 65 65 50 38 35 36 33 34 40 44 45 47 53 62 66 71 83 73 54 49 65 51 28 29 41 40 39 38 36 34 41 47 59 65 58 49 56 68 75 72 61 45 30 33 45 56 57 57 64 67 61 60 66 65 56 54 55 58 61 56 48 48 47 51 46 24 18 33 53 77 84 71 53 57 71 72 67 91 114 78 48 36 30 23 21 28 32 33 29 27 30 30 31 35 41 43 47 54 62 68 65 56 59 78 110 118 120 124 122
70 63 60 61 58 58 75 128 158 140 81 44 57 72 61 40 34 35 41 83 102 88 67 52 43 39 43 47 46 46 53 65 75 77 69 60 56 55 68 77 49 35 37 44 46 38 36 34 26 25 27 33 38 39 32 33 50 70 77 73 80 88 86 64 48 47 48 51 53 54 59 61 53 38 38 46 51 57 59 61 60 52 53 49 32 16 19 56 88 63 34 34 51 64 67 64 86 112 84 56 41 30 19 22 30 34 33 32 31 30 28 26 28 42 59 70 75 86 94 93 92 100 103 92 83 81 80 74
97 95 92 85 69 57 61 103 145 142 100 58 57 68 65 49 34 40 43 70 103 100 79 56 45 49 56 57 55 55 62 70 72 68 60 51 43 50 81 68 43 45 50 47 45 42 37 33 25 26 34 41 47 53 47 34 31 46 69 81 81 80 66 43 34 44 55 58 58 60 66 67 60 56 58 60 54 49 51 55 60 62 61 45 28 21 29 69 77 46 29 34 46 58 60 61 79 102 81 59 45 32 20 24 38 47 50 50 52 56 61 67 71 77 90 98 89 83 88 94 86 78 75 65 63 63 53 41
120 127 130 124 111 102 103 122 151 157 134 92 72 74 75 65 42 47 62 57 80 82 68 53 46 53 60 64 69 69 64 61 61 61 59 54 51 72 84 49 35 36 38 38 44 45 38 35 26 27 37 41 47 56 55 44 35 33 47 78 95 67 43 42 47 53 58 58 57 63 88 82 54 40 42 47 45 44 51 61 62 49 31 27 30 26 53 103 101 55 28 35 55 70 80 106 145 171 163 148 126 103 65 56 82 102 111 116 113 100 83 68 54 49 57 67 65 61 73 86 80 70 62 47 41 35 31 32
65 72 78 86 101 120 137 151 165 172 158 120 80 73 69 59 43 36 46 45 61 66 60 51 51 58 63 65 66 59 53 52 58 62 63 60 71 104 77 34 29 32 37 41 47 46 40 35 28 29 39 39 41 55 69 64 56 48 56 84 85 59 50 54 52 52 55 57 55 68 101 75 45 33 36 49 53 53 62 71 58 36 29 38 35 32 67 121 116 63 42 63 103 131 174 215 230 230 227 230 232 228 207 168 138 139 139 122 81 57 49 44 59 73 76 90 81 63 58 56 56 51 38 22 20 23 30 36
45 44 43 46 57 74 96 124 150 168 162 133 89 71 64 50 37 27 24 29 42 50 48 46 54 65 67 62 56 52 52 58 70 77 78 80 105 101 56 34 32 35 38 40 40 41 47 43 33 29 36 36 30 29 40 48 46 52 81 84 51 38 44 52 52 61 78 88 90 95 96 74 65 48 47 73 87 81 69 67 61 51 60 67 65 87 113 144 146 117 104 125 164 203 212 200 189 186 186 190 197 214 228 218 176 143 133 124 100 113 130 114 133 140 138 126 82 76 94 106 108 89 64 42 38 45 51 51
39 38 36 38 43 50 70 117 152 165 166 156 131 101 71 45 26 20 22 32 41 50 56 59 65 70 71 69 68 66 66 72 86 96 100 113 119 85 62 51 45 41 37 35 34 36 48 53 41 33 43 40 28 23 24 34 52 85 96 62 25 17 32 53 64 77 98 110 111 117 106 106 122 120 115 143 160 144 124 128 125 123 135 140 141 147 150 151 149 144 142 155 193 207 193 179 162 154 149 162 173 187 207 220 212 178 135 129 158 187 186 167 152 144 135 105 109 158 193 202 198 185 171 156 159 162 148 132
52 42 36 39 45 48 69 122 149 158 174 188 182 153 100 51 26 16 17 24 39 53 59 62 64 62 63 67 69 71 74 81 94 106 120 134 112 83 66 52 43 40 40 42 41 40 44 48 41 39 54 53 35 23 19 39 75 88 66 40 21 20 42 68 79 82 86 102 125 144 165 179 184 188 182 183 181 173 167 166 160 151 149 147 141 137 133 128 124 134 163 195 217 211 198 185 156 135 125 129 144 161 175 196 202 198 170 165 193 196 190 165 141 150 152 154 175 187 186 183 189 194 191 193 196 194 188 185
60 53 44 53 59 58 60 76 102 132 173 206 216 200 142 65 30 21 21 24 29 35 35 41 50 56 62 68 70 77 82 84 89 102 128 123 91 71 60 52 52 55 57 56 49 45 45 45 36 34 51 55 43 34 44 86 106 76 47 34 24 25 40 65 95 110 130 159 183 201 204 202 194 184 173 166 161 156 153 145 138 135 136 134 131 131 130 127 138 171 211 227 224 198 169 167 149 136 120 109 108 117 130 157 176 181 181 191 201 194 177 153 145 178 189 190 189 176 160 158 167 165 151 148 153 163 183 193
52 58 55 56 62 71 68 60 59 73 113 169 207 215 170 84 35 30 37 41 35 28 34 41 44 51 67 78 84 87 85 79 81 106 120 91 73 69 68 61 58 59 59 59 58 57 50 47 41 39 58 61 57 61 85 88 69 48 34 36 47 65 90 124 176 189 193 199 198 192 184 170 159 154 148 146 147 144 140 135 136 134 131 129 126 125 130 144 186 220 225 219 213 179 141 144 137 133 120 106 97 97 106 133 147 151 161 182 189 173 152 144 153 176 188 192 187 171 160 162 158 144 138 151 166 179 189 191
42 55 60 57 49 60 70 62 50 45 58 101 160 196 183 115 49 35 43 52 51 40 44 51 52 63 85 105 118 120 112 95 90 107 94 77 77 77 73 63 53 49 49 55 66 66 51 46 45 41 56 63 72 93 72 51 54 75 94 113 141 172 193 199 202 199 193 184 176 171 163 152 145 143 144 139 138 132 127 125 125 124 122 120 120 128 155 193 214 212 201 188 179 155 132 126 123 118 106 96 93 89 93 109 121 135 144 160 160 148 141 143 155 163 168 169 165 154 142 139 139 141 152 169 181 188 187 184
55 48 56 58 46 46 59 66 54 43 42 55 95 150 173 143 82 44 41 49 58 74 109 136 155 175 183 180 181 186 180 165 152 149 128 113 88 71 60 58 56 56 52 59 74 73 56 46 41 45 63 81 107 101 78 101 130 169 197 204 206 206 203 198 193 192 187 181 182 185 178 170 163 161 159 149 140 136 138 140 137 134 130 128 132 161 198 214 209 191 173 157 143 131 128 123 119 114 104 99 92 74 67 79 100 124 138 152 158 154 144 144 148 136 138 145 151 151 147 147 155 166 175 176 177 178 177 177
49 41 48 52 50 55 60 61 54 47 46 53 70 115 161 165 129 85 68 94 142 181 197 187 164 146 128 111 109 113 111 104 103 111 118 119 124 124 98 71 55 49 57 67 78 78 62 49 44 61 98 125 134 145 176 200 212 219 220 214 210 209 206 206 210 210 210 210 210 212 211 208 201 194 185 182 177 180 185 184 181 181 175 166 171 191 208 206 193 180 165 154 139 125 119 122 124 113 96 85 64 54 50 63 85 115 134 156 157 148 141 141 141 138 144 154 164 168 169 173 177 178 175 175 180 180 177 173
46 47 47 45 52 73 78 69 61 61 67 74 80 101 146 174 167 148 156 187 186 155 128 113 94 74 47 31 30 35 39 43 44 47 50 55 70 95 115 113 93 73 77 85 86 93 87 76 77 121 171 194 199 211 216 216 215 215 216 214 214 217 217 216 219 221 222 220 218 219 219 217 217 213 208 208 204 204 205 203 206 206 204 198 188 191 194 188 180 172 166 162 149 137 131 130 114 97 92 77 53 49 53 64 84 110 132 149 154 156 153 146 148 156 162 165 171 174 177 179 179 176 175 170 165 161 160 160
98 106 107 98 96 114 121 121 121 125 135 138 135 137 148 158 163 175 183 166 137 110 74 47 31 18 10 6 5 9 17 23 24 24 26 29 30 34 43 61 81 98 119 133 135 149 167 176 184 202 215 217 213 208 210 207 205 206 204 202 205 207 208 205 203 200 198 195 192 189 187 188 195 194 190 189 185 177 175 174 176 172 169 172 170 176 177 176 177 174 174 171 163 157 141 125 105 93 90 75 59 54 62 78 98 122 139 148 156 161 160 155 155 163 167 167 170 173 176 175 174 175 178 178 176 173 172 173
100 106 107 101 82 66 67 71 74 73 75 76 78 89 102 121 149 159 138 105 80 59 37 17 9 7 9 10 12 11 9 10 15 21 22 21 22 23 20 24 34 57 84 118 189 217 219 220 221 218 217 214 211 206 202 200 199 194 190 186 183 182 182 180 174 162 152 154 156 159 162 164 169 171 177 177 172 160 155 153 151 151 144 140 141 143 147 148 146 148 151 151 151 150 149 141 129 115 88 62 51 59 72 88 112 140 156 156 153 153 155 157 157 158 158 160 167 172 176 175 172 172 174 176 179 181 177 175
54 53 59 77 77 46 47 58 68 77 79 72 64 63 79 114 138 128 101 74 53 35 20 15 25 62 100 109 99 72 32 12 8 10 12 17 18 19 18 19 19 23 38 61 126 196 218 218 217 212 203 195 188 182 179 177 178 176 174 173 170 166 165 163 155 150 143 141 143 144 146 144 150 150 154 156 155 155 152 140 133 136 132 130 128 125 122 118 118 121 121 125 128 128 132 132 125 115 81 57 54 55 64 89 119 140 157 164 158 150 145 145 150 151 157 162 168 173 176 182 186 189 185 173 169 170 165 163
66 64 72 83 92 80 69 66 64 72 73 72 68 61 77 115 138 114 76 53 36 25 26 50 119 174 178 162 143 112 52 11 5 4 6 9 12 15 17 21 19 17 19 29 58 106 166 194 185 175 167 159 155 151 146 147 153 153 152 150 153 155 154 152 146 142 137 136 136 134 137 134 136 137 138 144 146 146 145 135 127 131 129 126 125 123 116 108 99 94 95 95 94 100 103 97 93 78 54 50 63 73 78 96 121 136 149 161 163 155 147 142 139 144 151 153 156 164 171 172 175 181 190 195 194 197 188 173
89 95 101 90 72 67 80 86 78 77 77 80 82 81 148 199 156 108 70 45 37 57 112 168 190 185 174 160 137 89 28 4 5 3 3 6 11 16 23 27 25 22 19 18 31 48 79 131 153 145 142 144 140 137 134 131 132 135 135 140 142 143 145 146 140 133 131 129 129 124 129 133 133 133 134 138 138 137 137 131 130 132 131 131 131 128 125 121 115 110 100 85 74 76 75 73 66 48 41 53 73 80 83 100 121 133 143 150 157 165 173 169 157 146 145 143 138 147 156 160 162 165 170 179 185 193 202 203
95 108 115 96 64 45 41 70 96 87 78 77 81 80 141 179 126 86 65 73 118 170 198 196 180 162 152 120 77 35 12 4 3 1 1 2 4 9 14 20 20 19 17 15 22 34 45 70 112 127 125 130 132 130 128 130 128 130 129 132 132 134 138 140 137 130 127 125 124 124 127 129 129 127 126 133 139 138 137 133 137 133 133 130 130 133 133 136 133 133 129 121 107 83 68 68 67 61 55 53 52 63 88 108 127 137 141 148 155 163 168 168 168 159 152 142 138 144 153 160 166 171 174 181 185 190 191 187
90 100 102 95 74 61 47 51 79 95 104 94 82 88 108 117 94 76 114 179 194 188 179 163 122 73 57 42 27 16 8 3 2 1 2 3 3 5 6 9 10 14 14 13 15 23 30 35 58 105 124 126 123 124 126 127 129 130 128 128 127 129 131 132 129 125 123 125 128 133 130 128 126 124 130 139 149 148 147 147 146 142 141 138 137 139 144 150 148 150 150 146 141 122 101 93 89 81 67 59 65 83 103 120 139 151 160 165 161 154 157 168 177 168 150 133 134 142 152 164 172 176 177 180 186 178 164 159
114 108 100 97 88 85 70 59 74 85 94 104 108 104 102 89 76 68 94 151 156 137 106 72 33 14 10 7 7 4 2 2 2 1 3 6 7 6 8 10 11 12 13 16 16 15 18 21 40 81 113 121 118 117 124 126 129 130 130 130 130 130 129 128 123 121 121 119 117 121 129 132 130 132 148 163 165 158 156 163 162 160 162 159 165 168 170 167 168 173 178 176 177 175 158 136 118 97 68 47 56 82 106 125 142 153 159 159 155 154 159 167 173 181 178 168 160 143 131 133 144 151 159 175 186 189 189 189
121 120 123 116 85 80 74 55 71 83 76 79 91 103 119 109 87 66 50 56 55 41 24 15 7 7 5 2 3 1 0 1 2 1 3 5 10 12 13 13 13 13 12 10 12 10 12 26 63 90 105 111 112 116 127 131 136 142 143 142 141 136 131 131 132 131 129 127 122 119 121 129 134 154 167 176 179 178 180 182 183 184 189 190 199 194 191 197 201 201 203 202 199 198 193 182 162 144 110 69 71 97 119 139 154 159 158 155 156 161 165 168 172 179 182 183 175 155 137 133 148 160 161 175 182 183 185 187
110 107 99 82 76 76 65 47 71 105 98 85 73 67 76 86 85 73 45 26 17 9 6 4 2 2 2 1 0 2 2 1 1 1 2 2 6 12 16 16 14 14 12 8 9 9 15 41 73 98 105 108 114 120 132 138 142 148 151 150 145 140 134 136 142 145 149 151 154 158 160 168 172 181 189 192 192 202 202 202 206 200 199 205 212 205 206 213 213 215 211 212 210 200 196 191 183 178 169 144 129 127 133 146 157 159 157 157 161 168 172 171 173 179 182 186 189 183 171 161 154 157 165 176 182 180 178 178
75 81 91 91 87 87 80 51 55 87 91 82 73 64 64 62 57 65 57 30 18 13 9 6 4 3 3 1 1 2 6 5 2 1 1 3 3 2 6 10 10 12 11 10 16 24 34 50 69 90 106 113 119 131 147 151 154 157 158 152 148 149 147 152 165 172 178 181 179 187 187 188 194 200 204 201 201 208 212 209 211 212 211 210 210 214 212 218 218 217 217 215 211 204 199 203 197 193 186 177 178 169 164 155 144 144 145 142 142 150 159 164 164 166 166 168 177 190 194 185 169 164 166 171 180 184 179 173
75 80 85 86 80 77 81 60 44 66 81 91 99 100 97 91 79 69 64 45 26 19 14 9 7 7 4 3 1 3 5 5 5 3 2 4 3 4 6 10 12 14 17 26 40 53 68 84 98 110 119 134 148 151 148 153 155 155 156 152 154 161 163 168 175 180 181 183 185 185 175 174 179 186 195 191 193 201 201 195 196 202 208 212 212 211 212 219 219 216 218 217 216 210 207 203 204 200 194 196 200 194 191 176 154 149 151 149 145 142 145 151 156 156 155 159 165 174 185 192 175 158 157 167 174 184 191 195
85 77 79 88 90 91 99 82 63 102 121 120 126 125 102 76 72 75 72 62 37 19 12 8 8 6 5 4 4 4 5 7 7 6 6 7 8 14 21 29 33 39 50 59 60 67 84 103 116 127 138 147 158 167 168 168 169 167 171 174 175 179 180 179 176 179 178 175 178 175 165 160 165 164 170 176 184 187 185 182 184 188 193 192 190 189 196 211 219 221 220 221 222 222 220 216 210 205 198 192 199 201 204 203 198 186 172 168 170 167 168 168 162 158 154 157 169 177 182 192 196 187 172 164 164 168 177 184
103 86 79 87 94 104 119 101 66 88 99 100 109 107 81 63 78 94 99 99 70 31 13 7 8 8 4 3 4 6 6 6 6 8 9 15 26 41 58 73 81 89 88 80 75 80 95 120 130 136 152 168 176 178 182 185 188 190 189 190 187 184 185 183 182 183 179 172 171 175 169 159 153 151 160 170 179 182 180 179 177 177 180 174 177 185 187 198 210 213 211 218 219 219 219 218 213 211 202 189 187 195 201 203 201 199 194 187 181 176 167 171 173 167 157 155 161 172 180 185 195 199 186 167 157 157 162 170
96 87 77 97 127 138 130 102 65 81 112 129 136 134 123 103 80 68 76 98 108 86 46 17 8 5 3 6 5 7 6 6 7 9 16 32 51 72 92 109 110 104 88 77 85 102 118 135 147 160 173 181 183 185 190 192 191 194 196 192 187 184 185 189 189 187 184 186 179 171 164 156 152 151 159 171 177 179 177 174 173 172 176 176 181 189 191 193 198 199 198 207 206 211 209 211 215 206 202 194 190 194 198 200 196 195 197 198 196 184 165 157 166 176 175 170 170 170 167 162 167 179 185 185 171 165 160 159
96 103 112 119 111 103 104 91 60 75 100 110 117 122 119 108 102 108 112 119 132 132 93 49 21 8 5 7 6 6 7 10 13 16 27 49 67 92 115 119 107 83 71 77 105 127 146 161 166 168 178 184 184 183 195 200 193 192 197 195 186 187 190 193 194 194 186 184 181 173 166 159 157 149 146 153 155 159 168 171 176 177 174 177 186 193 196 199 200 203 207 207 199 206 203 206 207 206 213 214 214 212 202 192 187 183 181 186 186 192 190 173 168 180 183 173 163 163 163 159 155 158 173 185 180 171 164 165
125 120 104 93 90 92 94 81 58 86 111 107 108 115 107 96 103 120 136 153 174 173 140 102 56 24 14 15 17 17 17 21 28 40 65 95 115 126 120 99 85 81 89 108 120 132 141 153 168 178 180 183 193 202 197 197 200 199 198 193 187 190 193 198 195 189 181 180 183 181 173 166 160 149 149 152 150 155 160 169 181 183 181 185 193 196 196 205 211 215 219 211 201 205 198 191 200 208 214 211 208 207 201 196 182 161 156 166 169 177 191 183 166 173 180 174 165 168 174 170 156 144 153 177 184 184 176 171
135 131 116 114 112 97 97 87 60 89 115 111 110 107 100 98 103 115 140 173 190 179 148 115 70 37 29 28 27 28 31 42 54 70 103 130 129 113 90 79 87 105 125 137 141 137 138 152 164 173 177 179 192 203 203 200 200 203 204 199 192 187 190 197 190 192 188 186 183 177 169 165 161 163 173 178 175 178 178 178 182 181 178 187 204 204 210 214 214 217 218 214 209 203 187 186 191 196 193 193 194 202 201 193 180 164 153 157 162 170 182 189 176 163 171 173 169 161 161 163 157 149 151 169 176 185 187 181
155 153 141 136 123 104 109 95 58 71 91 89 83 75 83 101 113 134 164 188 191 182 165 139 97 69 58 45 37 38 44 50 67 98 127 133 120 94 75 73 88 113 127 141 158 161 158 169 175 180 182 184 191 190 181 180 186 189 195 199 203 197 188 192 187 185 191 191 189 189 184 183 182 189 201 208 206 204 205 195 185 177 178 182 190 197 207 215 218 219 215 216 214 200 190 196 195 184 175 174 174 185 188 187 181 166 152 151 158 164 168 183 189 164 160 168 174 167 155 150 149 150 153 166 176 176 177 174
133 139 135 131 122 112 115 93 50 56 77 79 79 81 96 115 137 169 191 194 189 183 177 160 124 90 63 43 32 31 41 65 102 131 137 125 109 89 83 95 105 123 137 143 152 159 166 170 174 181 190 198 203 200 192 194 198 201 200 196 195 192 186 178 172 171 176 183 189 194 196 199 206 211 212 209 211 205 197 188 184 179 182 181 186 188 193 207 213 215 213 219 221 211 200 206 203 189 171 167 172 170 176 184 189 183 171 158 154 153 154 159 174 168 153 155 163 161 151 144 138 138 142 155 167 173 174 174
100 103 100 106 119 117 113 89 54 69 95 95 101 117 131 141 165 189 196 189 182 179 176 171 146 111 80 59 52 58 84 118 136 141 134 119 105 97 97 111 130 142 149 152 148 150 163 179 181 180 182 182 185 188 194 197 201 198 193 191 183 173 181 179 176 178 180 183 182 185 194 202 209 216 220 210 211 211 195 184 179 181 186 187 184 184 187 193 199 205 214 222 224 227 222 220 212 188 168 160 172 181 178 181 188 185 173 156 144 140 150 150 158 165 148 147 155 160 151 142 140 139 144 155 159 166 171 167
96 91 82 79 80 79 89 77 60 100 129 129 133 140 145 161 182 188 188 183 179 177 175 170 147 122 92 70 69 87 113 129 130 129 122 117 121 125 128 137 141 150 158 162 161 169 175 179 177 176 174 174 176 183 191 188 186 193 193 190 187 183 178 173 177 185 199 207 201 196 195 206 213 215 225 227 223 214 198 181 173 175 176 180 178 181 186 183 191 198 204 207 212 222 227 226 219 213 191 172 173 180 177 168 164 161 153 143 134 127 135 140 150 166 149 140 147 156 148 130 122 124 133 151 156 161 171 175
91 113 128 107 88 85 87 72 60 97 122 122 122 134 150 169 178 176 167 163 171 180 181 171 141 111 88 85 98 110 116 118 113 107 108 112 114 117 117 133 149 159 164 164 163 168 179 184 189 192 192 195 205 209 209 212 206 204 200 191 186 186 182 186 191 192 200 208 211 212 215 221 228 230 221 216 219 216 201 184 168 164 164 175 179 181 184 182 192 195 199 200 210 215 222 223 224 224 210 188 174 173 167 147 142 150 151 138 121 117 128 135 143 162 147 133 134 151 158 134 105 101 114 131 143 157 169 179
80 80 132 153 142 133 119 83 47 63 84 88 98 121 157 182 180 169 163 164 175 186 179 169 138 99 79 82 100 111 114 120 122 114 107 108 115 123 127 137 151 157 157 157 154 158 163 166 177 188 194 203 205 206 210 205 198 196 183 173 164 156 153 159 168 169 171 172 179 188 196 203 207 207 198 190 192 199 200 198 190 181 168 172 171 161 166 179 193 204 206 201 199 202 211 220 224 212 207 201 192 189 181 153 134 130 134 132 123 119 116 120 127 154 154 138 134 145 156 143 107 85 98 120 131 143 159 170
63 77 117 127 125 128 130 93 61 87 97 91 93 128 171 183 177 167 167 174 183 187 175 162 133 97 94 108 118 127 129 125 112 95 92 97 106 109 114 123 133 141 142 144 150 152 156 161 164 167 178 190 190 185 191 196 201 199 196 193 182 168 162 167 174 170 174 183 190 195 200 198 176 146 134 149 151 153 162 175 183 180 172 166 163 148 144 171 192 207 204 190 184 183 192 217 226 218 216 219 206 188 175 151 134 118 107 97 89 85 82 100 113 138 148 132 126 140 154 143 110 87 92 112 127 135 152 164
62 90 126 118 103 103 113 82 58 82 102 105 109 141 165 169 164 158 163 170 171 171 157 143 136 115 112 128 135 130 117 96 81 76 80 84 81 82 96 111 118 124 128 133 138 150 158 156 153 156 161 171 179 185 191 191 194 188 178 172 169 162 164 173 167 172 187 191 178 165 153 145 131 100 84 111 136 139 133 137 152 155 154 153 154 150 157 183 205 205 202 197 183 166 179 197 204 206 212 209 170 129 94 93 113 119 103 84 68 63 68 92 114 140 148 137 128 139 157 147 110 88 98 115 118 117 129 145
57 89 129 134 130 118 99 65 47 62 74 88 110 140 157 157 154 155 164 169 169 172 170 163 152 139 138 135 122 98 77 64 68 73 74 86 106 109 111 116 122 128 135 139 141 137 136 137 139 139 141 148 151 152 164 168 169 172 168 162 160 156 152 155 158 156 147 122 84 61 54 55 57 66 77 79 94 104 115 128 145 146 143 153 168 175 181 187 198 200 198 197 183 165 163 162 162 160 164 164 112 56 34 39 62 76 65 56 54 55 61 78 101 133 142 129 121 130 145 138 110 87 92 111 122 129 130 132
50 93 134 138 122 104 89 59 52 74 76 75 99 138 152 149 151 157 168 171 166 161 158 149 137 132 134 124 93 73 76 74 65 57 60 71 96 110 121 127 128 124 132 136 129 123 120 129 133 127 130 135 135 141 146 143 147 150 140 138 140 142 133 128 118 90 60 42 33 42 48 33 27 37 56 65 75 92 117 140 151 152 150 163 189 200 195 191 191 192 198 197 190 169 146 137 135 128 112 89 43 28 34 43 63 77 63 54 57 64 69 72 81 117 135 124 106 116 135 128 95 81 103 118 102 110 128 135
49 61 99 108 105 104 95 65 83 122 127 120 124 140 152 146 140 139 147 148 146 150 154 147 132 122 118 111 93 77 68 61 57 58 57 56 68 82 104 121 122 114 113 107 108 108 113 119 122 119 115 121 126 137 136 136 143 141 130 122 114 121 120 111 76 48 43 36 36 62 71 43 22 32 53 73 111 143 155 166 166 165 166 179 204 214 214 205 192 195 199 212 207 180 152 147 143 127 79 36 23 26 38 53 80 89 69 61 60 59 64 67 76 109 126 116 102 108 124 116 85 71 87 129 134 129 125 128
54 45 76 105 111 107 88 70 113 149 155 153 148 146 146 136 132 135 139 135 131 134 139 145 140 127 122 112 90 80 72 72 73 66 57 52 59 71 84 103 108 103 105 100 105 107 108 107 96 86 91 105 114 128 138 139 127 117 111 111 115 127 133 135 108 70 52 57 57 63 63 59 44 48 75 105 141 163 176 188 193 198 198 201 216 226 226 218 211 212 212 218 215 202 175 159 150 124 80 51 53 54 55 63 74 70 68 67 64 57 55 59 66 103 123 108 100 110 116 102 80 84 89 109 127 133 129 129
53 43 63 113 128 121 88 76 126 153 157 156 153 150 141 128 128 136 136 136 140 146 153 155 151 136 113 86 72 70 73 74 68 54 44 44 52 61 73 87 95 106 113 116 124 113 107 109 108 106 107 114 124 125 127 129 127 127 127 128 122 118 129 135 113 83 62 51 50 56 60 63 62 70 85 115 156 175 188 196 201 212 218 219 224 225 226 229 226 228 230 233 229 228 208 186 167 139 96 71 75 69 73 67 59 50 47 50 51 42 38 47 64 110 119 97 93 107 105 81 70 85 103 107 118 132 130 130
54 56 55 107 138 128 90 88 138 158 156 154 155 146 128 119 124 130 132 134 138 140 142 146 142 129 117 99 82 67 63 71 68 60 54 53 48 52 69 87 100 110 116 119 120 122 118 116 108 99 95 109 114 103 102 104 109 110 105 108 110 98 89 85 74 68 65 61 61 75 85 91 105 116 114 132 170 196 207 208 211 213 220 225 228 230 229 237 239 237 238 241 240 237 229 216 191 165 125 82 66 56 58 52 45 40 38 39 37 31 32 47 72 120 122 96 91 97 94 68 63 75 96 111 104 100 117 133
57 75 63 79 126 114 83 95 125 143 143 143 143 132 117 104 106 115 126 132 133 132 133 136 130 119 101 79 60 56 57 62 62 53 54 55 47 61 95 110 104 99 107 101 96 93 84 81 88 101 104 109 108 102 125 130 127 120 111 110 104 94 82 70 62 59 69 74 78 89 94 103 120 122 124 147 172 182 191 211 227 231 231 233 235 235 236 243 248 247 246 246 244 242 240 233 217 196 170 121 65 49 47 35 29 33 41 44 45 44 41 47 73 103 89 70 81 90 79 57 58 77 83 99 115 101 88 103
40 74 82 64 105 92 93 126 126 131 128 119 117 123 115 98 100 116 131 133 130 128 128 122 109 99 77 59 55 54 59 67 70 66 65 67 61 78 106 100 86 91 107 111 105 101 102 100 98 96 88 99 110 101 95 96 97 89 96 99 90 81 73 75 70 69 76 81 86 98 105 106 100 104 126 152 178 190 206 226 236 241 241 237 240 242 245 248 248 246 244 243 243 244 241 238 233 218 199 183 119 54 34 27 31 40 44 43 44 47 52 64 92 82 64 69 81 81 68 61 57 68 83 91 107 119 121 112
27 44 58 46 61 64 85 112 96 89 94 104 121 126 110 92 97 114 122 129 136 133 126 116 102 83 66 56 48 51 59 67 78 80 70 70 78 87 93 81 69 73 91 102 97 85 81 84 80 82 91 88 79 74 77 85 89 80 72 70 67 56 56 65 69 63 62 59 61 75 85 86 76 97 138 166 188 206 225 237 241 242 238 235 240 246 244 237 228 217 218 225 232 237 235 228 224 225 210 212 190 99 35 31 35 37 36 33 34 40 56 84 97 67 68 81 80 63 59 71 78 80 96 105 104 112 124 126
27 30 49 45 36 47 61 70 67 77 101 114 120 121 116 100 88 89 93 118 127 108 87 71 62 67 73 70 59 52 59 73 94 89 74 82 97 97 98 86 72 66 65 61 62 63 68 71 68 68 68 67 61 67 78 96 101 90 72 60 60 57 51 49 43 39 41 40 41 45 55 68 71 100 147 177 202 223 233 237 237 239 239 239 240 240 233 222 220 218 224 233 238 240 239 235 230 223 209 210 221 183 84 40 38 33 28 27 31 46 72 86 78 62 68 86 74 46 54 71 85 100 103 112 117 108 105 118
82 38 41 52 37 50 71 85 94 99 105 105 100 98 103 99 77 68 83 100 100 82 69 57 73 87 81 67 49 45 52 73 100 84 61 64 83 88 95 93 88 71 61 63 68 67 60 48 41 40 41 44 41 45 60 59 56 52 54 60 62 57 52 47 44 44 45 48 54 65 80 100 108 118 145 178 207 220 230 236 241 242 242 239 232 229 228 233 239 240 242 244 244 244 245 242 233 212 187 190 215 221 164 69 38 31 27 31 50 73 87 74 65 58 62 67 59 44 50 70 79 87 106 114 114 109 95 95
152 118 70 50 41 72 103 107 108 107 103 95 87 82 90 96 84 71 73 96 99 83 68 62 74 78 60 40 39 41 45 62 84 73 50 55 77 97 105 102 88 74 68 66 60 56 51 49 48 46 36 32 34 37 41 38 41 45 45 46 43 45 47 48 58 65 61 63 68 82 99 113 127 143 172 199 213 220 223 228 230 233 237 237 236 237 238 240 239 237 238 240 241 244 248 246 235 216 182 171 193 210 205 119 48 31 26 36 59 86 82 52 54 60 55 42 38 43 54 67 74 72 88 110 117 117 107 89
66 102 135 120 65 59 90 92 85 83 85 84 81 75 78 86 88 75 67 80 85 71 62 54 57 63 47 37 40 36 35 51 64 62 52 42 49 70 83 79 68 65 65 68 64 59 49 41 37 31 29 34 33 31 29 27 29 32 37 36 40 49 59 68 76 79 75 73 75 92 106 117 126 144 180 203 217 231 230 228 227 219 218 225 232 236 236 237 238 239 243 245 247 249 249 248 241 225 191 172 188 200 204 160 68 38 37 43 64 79 60 35 45 45 38 35 43 47 57 71 74 69 62 96 115 118 119 115
48 44 47 80 94 62 59 65 68 71 75 81 82 76 75 85 89 83 76 68 53 48 61 56 50 57 54 48 40 31 25 31 39 42 41 30 33 53 66 60 67 74 69 56 47 40 32 27 26 25 30 34 28 24 21 21 23 27 30 38 43 46 55 64 74 78 79 70 72 87 100 112 132 157 188 207 222 229 229 227 211 191 197 219 232 236 239 240 241 245 246 245 241 244 249 250 249 244 227 212 212 211 197 183 131 70 53 59 70 67 52 35 31 23 27 34 48 58 62 76 90 92 65 66 101 119 115 112
59 43 20 20 59 65 42 44 51 59 69 76 78 79 84 97 97 93 82 71 53 41 42 43 43 47 39 37 32 26 19 18 23 28 25 21 24 39 53 53 73 71 57 46 36 28 23 22 22 21 24 20 16 15 13 17 21 24 27 33 40 44 47 53 63 69 74 84 91 96 100 104 128 165 205 226 231 226 231 227 216 203 208 224 233 240 243 238 229 225 221 220 218 223 227 224 221 222 226 225 227 218 198 186 203 169 90 59 55 50 48 33 19 17 27 35 50 63 61 63 88 105 86 59 67 108 120 113
65 36 21 36 77 106 72 41 46 54 64 72 79 83 86 86 81 80 83 81 66 48 37 31 33 37 34 34 29 25 22 20 32 41 31 25 19 21 26 30 44 41 34 31 26 22 19 17 17 18 18 15 15 13 13 14 15 17 24 28 28 32 39 47 56 62 72 78 79 90 99 110 130 172 213 232 241 237 238 238 230 218 212 220 230 222 198 181 179 182 185 183 179 180 177 169 163 160 156 152 173 201 186 168 201 223 148 50 40 42 37 27 20 21 30 42 52 55 59 55 70 102 107 77 64 87 107 113
37 26 42 83 109 109 112 81 55 51 53 59 67 72 75 76 74 77 87 92 83 64 45 34 31 31 29 27 25 27 27 25 29 29 23 18 17 15 10 7 9 14 18 21 26 23 18 16 14 14 15 13 12 12 12 13 16 18 25 29 30 36 41 42 48 49 55 60 65 79 93 104 119 171 213 233 245 244 238 240 231 202 197 191 185 166 156 161 169 175 176 167 158 158 161 164 154 136 127 118 109 130 149 155 187 211 175 65 30 29 20 18 24 28 29 40 52 46 51 58 48 80 113 91 72 82 98 99
26 29 66 137 155 103 95 131 134 128 117 112 107 100 90 85 87 91 94 99 103 88 61 42 34 28 21 15 15 18 21 23 20 18 15 14 14 13 9 5 5 7 7 6 9 11 13 13 11 10 9 9 12 13 14 15 15 16 21 25 26 28 28 34 46 45 43 45 55 63 67 72 88 156 209 228 246 248 240 234 225 189 165 149 147 159 160 143 135 132 127 114 101 100 111 119 119 120 125 125 119 114 117 124 155 180 158 59 17 15 14 16 28 32 29 32 39 43 47 53 51 54 93 96 80 93 106 97
30 39 62 105 101 67 91 124 146 177 179 177 178 176 166 156 153 151 150 149 151 144 105 68 47 29 24 20 16 15 13 11 12 9 6 8 8 7 6 4 4 7 6 4 3 2 3 4 8 10 12 13 14 13 16 15 13 14 16 16 15 16 20 29 41 44 44 43 52 66 61 58 72 153 214 218 234 246 244 230 217 184 147 129 116 101 84 63 51 52 62 74 68 66 67 55 45 48 58 66 79 92 94 100 125 142 111 30 12 16 16 20 31 27 25 27 30 43 49 46 57 60 81 99 91 93 104 102
77 61 52 52 47 52 72 87 88 112 148 148 129 123 130 135 138 141 142 142 145 147 135 121 85 40 28 24 19 18 15 13 11 9 8 6 5 2 2 2 2 2 3 2 2 2 2 1 3 7 10 11 10 11 14 14 13 14 15 14 12 11 15 21 29 31 33 39 55 66 69 70 84 152 206 211 218 231 239 230 208 183 145 107 69 43 33 30 29 27 27 43 53 52 48 29 26 30 31 28 39 59 63 86 121 130 81 17 15 17 22 30 32 21 28 35 35 35 47 53 52 56 71 103 103 103 113 115
54 44 52 60 51 49 61 75 77 77 97 133 137 118 96 79 78 84 89 93 100 112 122 131 113 69 45 33 24 19 15 13 12 12 11 10 8 6 3 2 2 1 1 1 2 3 2 2 4 6 7 6 6 9 14 16 14 14 16 16 14 14 15 18 18 19 21 30 43 60 76 95 121 144 166 182 187 194 204 185 171 183 161 103 50 36 45 61 77 85 63 53 45 39 54 61 87 96 75 50 35 35 46 88 119 107 46 12 17 18 26 37 32 22 28 37 38 28 39 57 55 46 59 105 112 113 118 118
45 60 70 65 48 39 43 53 63 69 74 87 105 123 132 123 105 109 119 128 139 148 154 162 152 118 84 52 34 23 19 13 8 8 8 9 8 6 3 3 3 3 2 1 1 2 1 3 3 4 3 3 4 5 9 11 11 14 17 17 16 15 15 18 19 19 21 25 31 37 44 59 78 100 115 127 137 139 143 121 120 152 156 119 68 49 48 53 65 76 67 46 33 30 40 56 81 79 56 44 40 42 57 88 96 61 18 14 19 16 25 36 29 31 26 32 47 38 34 51 63 57 59 105 120 115 124 127
61 62 61 57 47 44 46 47 44 44 48 61 81 103 122 130 127 139 145 128 106 95 116 141 138 132 113 76 50 38 33 24 15 13 10 8 7 4 2 2 1 1 1 1 1 2 1 2 3 3 3 2 2 2 4 5 7 10 13 13 14 14 14 15 17 17 18 18 18 20 21 24 26 39 56 68 82 92 93 94 111 117 113 104 81 64 45 39 48 64 71 75 74 63 58 61 60 52 39 34 37 44 51 61 49 21 13 17 22 22 29 32 29 36 32 28 50 49 39 49 69 74 80 97 112 123 129 133
62 64 70 67 46 40 45 54 65 79 94 105 108 106 97 85 81 87 96 102 99 96 120 133 136 142 130 94 56 47 43 33 26 21 18 16 12 7 4 3 1 2 1 1 1 2 1 1 1 1 2 1 1 3 6 4 4 7 10 9 9 11 13 14 15 13 11 12 13 12 11 13 15 19 22 27 39 53 67 85 104 104 72 62 66 60 46 39 34 36 41 57 74 73 69 57 45 37 34 33 34 37 37 27 11 7 12 21 25 28 32 31 30 39 45 34 51 59 54 53 72 102 104 105 104 121 130 137
97 92 79 59 46 61 83 100 108 103 92 79 68 60 52 49 51 57 57 56 61 79 115 136 147 155 141 101 63 54 47 38 29 24 21 18 13 10 9 7 3 5 3 1 0 1 1 1 1 1 3 3 1 2 5 5 4 7 10 7 7 7 8 11 10 12 13 14 14 12 12 11 13 15 17 17 19 25 33 48 66 73 63 44 33 30 34 39 39 34 30 28 29 36 35 30 29 28 28 31 39 54 48 19 9 5 6 18 29 35 38 33 32 37 49 50 58 67 64 62 60 92 116 117 104 106 125 134
76 60 53 65 103 132 129 105 78 55 45 53 65 68 53 35 36 55 67 67 65 72 94 119 132 136 133 114 89 72 54 42 32 28 22 15 13 12 12 10 8 9 6 1 2 1 1 0 1 0 1 3 2 2 3 3 3 5 5 4 4 6 6 7 6 6 7 9 8 7 7 7 8 10 14 14 12 10 10 11 14 24 42 63 61 48 42 42 44 39 36 33 29 26 20 18 25 37 54 68 68 55 28 17 15 7 3 8 25 32 31 30 33 33 41 62 72 78 87 89 72 65 94 129 115 101 113 123
68 68 90 120 171 188 135 79 63 60 70 86 93 78 53 38 45 75 96 104 107 107 106 117 134 138 128 119 114 94 61 44 36 32 23 15 14 14 11 10 9 10 8 4 3 2 1 1 1 0 1 1 2 1 1 1 2 2 1 1 2 3 2 4 4 2 1 2 3 3 1 1 1 1 4 6 4 3 5 4 1 2 4 21 51 73 78 75 69 67 66 60 52 41 32 34 46 55 54 37 19 9 14 19 20 15 5 6 26 37 33 32 38 46 42 58 70 78 90 99 102 77 77 116 124 107 110 109
65 79 107 127 184 206 162 98 84 94 101 93 77 63 56 50 50 55 60 65 74 88 103 114 128 133 117 101 91 75 58 53 51 42 26 14 12 15 12 9 8 9 7 6 7 4 1 1 1 1 1 1 1 0 0 0 1 2 1 2 1 0 1 2 2 1 1 1 0 0 0 0 0 0 1 1 1 1 1 2 1 0 0 0 4 11 19 27 32 37 38 33 30 26 21 20 18 13 7 3 2 5 15 19 20 18 11 10 21 35 44 41 40 60 58 56 49 66 86 97 117 112 90 112 129 127 123 116
102 145 165 159 175 194 167 125 109 103 81 60 58 64 78 79 65 63 65 63 54 48 53 67 97 117 106 82 73 76 68 57 52 40 25 15 13 12 12 12 11 8 6 5 5 3 3 4 3 1 1 1 1 0 0 0 0 0 1 1 1 0 1 0 1 0 1 1 0 1 0 0 0 1 1 1 0 0 0 1 1 0 0 0 0 0 0 0 0 1 2 2 2 2 1 1 1 1 3 1 1 6 10 10 12 17 13 14 21 35 51 54 43 52 66 73 59 55 61 78 108 125 116 114 120 136 134 132
81 131 154 152 147 154 145 121 102 74 50 51 72 102 130 138 106 66 61 59 53 43 34 35 65 94 100 100 101 103 86 65 54 43 29 20 17 16 15 12 10 9 7 6 5 3 5 6 3 2 2 2 1 1 1 0 0 0 0 1 2 3 3 1 1 0 0 1 0 1 0 0 0 0 1 1 0 0 0 0 0 0 0 0 0 0 0 0 0 0 0 0 0 1 1 1 1 2 1 2 3 5 4 4 9 17 18 22 24 32 44 55 45 55 64 74 70 67 56 54 81 100 108 112 101 117 134 143
60 89 107 114 118 118 116 111 77 55 69 94 114 125 124 128 120 61 38 38 39 37 41 54 73 79 79 98 103 101 96 81 62 49 36 29 26 24 21 15 13 10 4 4 4 4 7 7 3 2 3 1 0 1 1 1 1 1 2 1 1 2 2 2 3 2 1 0 0 0 0 0 0 0 0 0 0 1 0 0 0 0 0 0 0 0 0 0 0 0 0 0 0 1 0 1 1 1 0 1 2 5 5 4 16 21 24 29 33 38 32 36 46 61 67 71 74 85 78 62 62 71 70 89 87 98 116 131
51 65 91 106 113 104 95 89 64 65 108 136 120 118 117 113 98 54 41 49 63 73 81 90 97 98 85 74 67 75 90 88 77 61 47 39 37 34 24 15 12 8 6 8 9 7 5 7 6 7 6 3 1 1 1 2 1 1 1 1 1 1 1 2 3 2 1 1 0 1 1 0 0 2 2 1 1 1 0 1 1 0 0 1 0 0 1 0 0 0 0 0 0 0 0 0 1 1 1 1 2 4 3 9 27 27 32 40 41 45 30 17 35 58 75 78 71 78 89 91 83 86 79 65 62 76 111 119
81 100 107 107 113 118 107 93 90 105 150 166 138 132 140 125 96 74 71 67 67 71 78 82 86 99 103 85 65 64 84 104 101 74 53 41 32 23 20 18 17 16 13 13 8 3 3 7 8 8 7 3 1 1 2 1 1 1 1 1 0 1 2 2 1 2 1 2 0 1 1 1 0 0 0 0 1 0 0 1 1 0 0 1 0 0 1 0 0 0 1 1 1 0 0 0 1 1 2 1 1 1 1 10 20 28 38 47 51 50 32 23 32 48 71 83 73 71 85 96 98 100 98 80 67 75 92 106
89 119 120 110 110 113 108 104 110 124 148 148 125 121 119 96 83 79 70 54 44 41 42 48 59 88 111 98 71 65 76 88 81 60 49 43 36 29 22 22 22 17 7 5 3 1 3 6 8 7 4 2 3 2 4 1 1 2 2 0 0 1 2 1 2 1 2 2 2 2 2 0 0 0 0 0 0 0 0 0 1 0 1 0 0 0 0 0 0 0 0 1 1 0 0 1 2 2 3 4 3 1 2 4 11 27 42 53 61 55 41 32 33 35 53 70 74 78 80 98 96 106 102 84 70 69 83 94
49 78 111 109 107 104 98 96 99 113 124 118 116 115 89 58 54 60 54 42 36 37 39 45 60 80 88 71 53 56 64 66 58 46 48 56 55 44 35 30 23 15 9 5 7 7 7 10 9 5 2 2 2 2 2 1 1 1 1 0 0 0 0 1 3 2 1 2 2 1 1 0 0 0 0 0 0 0 0 0 0 1 0 0 0 1 0 0 0 0 1 1 0 1 2 3 3 3 1 4 4 4 3 1 2 14 33 44 63 57 50 39 39 34 35 49 62 67 74 95 94 100 102 73 65 66 76 78
82 77 89 100 100 94 90 90 87 93 109 113 103 84 69 64 71 78 81 76 70 64 58 59 66 77 74 58 59 73 70 60 49 40 44 53 58 65 76 66 49 34 22 17 14 13 10 9 4 4 3 3 3 4 4 1 1 1 1 0 0 0 0 1 2 2 2 1 1 0 1 0 1 1 0 0 1 0 0 0 0 0 0 0 0 1 0 0 0 0 3 2 1 1 1 2 2 2 2 2 6 6 3 3 3 9 17 34 56 50 49 45 47 43 33 30 45 54 59 74 89 92 102 75 66 66 71 71
53 80 94 94 92 86 86 95 97 89 94 90 82 85 89 93 104 123 128 111 88 72 69 69 80 86 71 65 89 111 97 67 57 62 58 46 55 96 108 87 84 77 55 36 21 17 16 10 5 4 6 5 4 3 3 3 2 2 2 1 0 2 3 1 2 2 2 1 1 0 1 1 1 1 0 0 0 0 0 1 0 0 0 0 0 1 0 0 0 0 2 1 2 2 2 4 6 5 4 7 10 9 5 7 5 5 9 24 35 32 37 44 48 51 43 31 33 50 58 60 66 85 92 81 67 64 71 67
48 70 89 92 84 81 83 87 92 84 73 65 64 70 87 103 112 117 110 91 81 80 81 90 93 75 63 84 117 124 101 75 66 81 77 46 36 69 89 88 102 102 73 43 24 20 19 16 11 10 10 7 3 3 4 4 2 4 5 3 1 2 4 1 1 3 4 1 0 1 1 1 0 0 0 0 0 0 0 0 0 0 0 0 0 0 0 0 0 0 0 0 1 2 2 2 4 6 9 13 13 11 10 14 10 6 13 27 23 18 24 33 40 52 45 40 33 46 61 52 56 75 85 81 69 76 75 73
117 85 72 72 75 77 75 58 52 53 65 69 52 40 55 68 72 76 85 92 95 98 105 107 91 78 92 111 112 95 77 79 90 91 79 58 64 88 105 110 118 95 60 40 24 19 19 18 18 19 14 9 5 3 4 4 4 3 3 3 1 2 4 2 2 2 5 3 1 0 0 1 0 0 0 0 0 0 0 0 0 0 0 0 0 0 0 0 0 0 0 0 1 1 1 1 4 9 13 15 13 12 15 20 12 9 27 37 28 21 25 25 35 52 49 45 41 44 55 39 49 68 75 67 75 90 94 92
160 145 75 55 62 80 74 44 31 39 63 81 58 37 39 44 47 62 85 105 107 100 92 86 102 120 114 93 70 64 71 83 100 106 99 94 97 99 114 126 130 116 81 60 44 30 22 20 21 19 11 6 4 4 4 3 3 4 3 3 3 4 3 1 1 1 2 6 3 1 0 1 0 0 0 0 0 0 0 0 0 0 0 0 0 0 0 0 0 0 0 0 0 0 3 2 2 6 11 12 9 12 15 25 18 20 33 43 31 28 33 28 43 49 45 49 53 43 46 31 40 63 69 70 80 85 99 101
117 154 129 108 95 87 80 65 57 60 68 87 99 70 47 55 68 78 85 82 73 67 73 91 109 98 71 56 53 65 88 96 106 120 121 104 81 65 74 99 102 101 93 88 83 54 38 31 24 17 11 7 6 5 4 2 4 5 4 6 4 5 4 5 4 3 3 4 5 2 1 1 1 0 0 0 0 0 0 0 0 0 1 0 0 0 0 0 0 0 0 0 0 0 2 4 2 1 2 5 8 12 20 25 18 23 33 35 28 30 33 36 48 51 42 49 59 45 41 24 27 40 53 83 83 78 91 93
156 150 137 112 84 79 76 52 39 37 29 39 85 91 54 81 109 84 54 52 73 91 93 90 76 52 44 48 56 77 106 117 126 118 84 74 84 83 83 102 100 75 73 86 81 62 52 45 36 22 12 8 8 6 5 3 4 3 4 6 5 3 3 6 7 3 4 5 5 3 1 1 1 1 0 0 0 0 0 0 0 0 1 0 0 0 0 0 0 0 0 0 0 0 1 2 2 1 2 4 8 10 19 20 22 25 27 29 26 30 35 32 38 46 43 48 56 47 40 23 23 30 35 65 76 76 90 82
93 90 70 48 32 42 49 32 27 34 41 46 64 74 57 59 82 69 54 78 113 116 90 63 54 63 76 79 82 94 100 103 113 115 100 80 95 106 100 110 107 79 53 60 68 71 79 74 53 28 14 9 10 14 9 4 4 3 3 5 3 5 7 5 7 5 5 5 5 4 4 2 0 0 0 0 0 0 0 0 1 1 0 0 0 0 0 0 0 0 0 0 0 0 0 2 7 7 7 7 7 11 13 21 31 25 26 25 22 32 31 28 25 26 35 42 47 47 43 32 33 39 37 55 63 71 79 71
18 19 33 61 53 55 63 49 29 47 63 61 58 59 49 45 96 137 141 120 90 72 60 56 76 111 131 136 124 115 106 103 108 114 128 129 111 110 106 105 101 83 60 66 81 87 96 81 54 39 26 21 21 20 15 9 5 3 2 5 4 5 7 5 8 8 7 6 5 4 5 3 1 0 0 0 0 0 0 0 0 1 1 0 0 0 0 0 0 0 0 0 0 1 2 6 12 12 10 8 5 7 9 18 29 32 27 15 14 23 26 29 24 26 32 35 44 53 53 49 49 54 48 53 44 55 62 53
11 8 19 31 36 47 56 56 34 44 66 70 67 72 66 96 122 123 133 118 84 74 79 79 88 120 157 178 167 137 117 113 112 109 120 111 81 93 109 105 90 73 64 67 88 96 88 62 55 64 54 38 35 32 23 17 13 9 8 6 4 5 10 8 7 9 9 8 9 8 5 5 1 0 1 1 1 0 1 1 1 0 0 0 0 0 0 0 0 0 0 0 0 0 3 9 14 15 13 11 10 8 6 14 28 29 19 15 23 28 33 33 32 35 33 31 42 51 56 60 59 61 50 59 48 52 58 52
17 16 13 13 24 33 37 34 25 37 73 83 79 85 99 138 138 108 95 96 99 112 119 107 106 129 154 169 144 104 105 120 129 115 92 78 89 101 102 103 91 76 76 68 74 87 87 75 65 73 83 62 49 38 26 18 16 13 10 7 4 4 9 10 9 9 10 10 11 11 7 5 2 1 2 3 2 1 1 1 1 0 0 0 0 0 0 0 0 0 0 0 0 0 2 8 14 19 17 13 13 8 3 5 9 14 22 27 32 35 34 30 32 30 33 32 39 47 54 59 54 60 52 56 49 55 61 60
27 27 22 25 36 39 47 52 58 54 70 73 54 56 65 84 97 94 90 83 78 94 109 94 93 81 66 64 65 72 82 94 117 120 98 74 74 75 89 106 105 96 86 70 71 82 107 115 101 85 80 63 55 42 26 20 21 22 18 13 7 5 7 10 8 11 11 10 11 12 8 4 1 1 2 1 2 1 1 1 1 0 1 0 0 1 1 0 0 0 0 0 0 0 2 7 16 20 16 16 14 6 4 9 14 27 36 33 33 35 26 22 26 26 28 30 38 41 47 50 40 52 49 45 47 53 49 50
66 58 65 81 71 52 60 73 82 72 52 71 64 49 51 82 96 81 75 84 69 70 81 82 73 69 81 97 106 108 106 102 106 115 91 77 77 77 95 108 116 109 91 73 94 121 129 125 113 92 68 54 52 47 29 27 33 38 37 30 16 8 7 10 9 7 10 10 11 12 8 5 2 1 1 1 6 5 1 1 2 2 2 2 1 1 0 0 0 0 0 0 0 1 7 15 19 21 20 18 14 11 12 20 27 36 38 31 30 24 17 15 20 22 23 24 30 33 38 36 31 43 45 37 37 42 34 28
80 71 67 76 70 54 56 62 70 68 49 57 51 33 38 76 107 94 63 61 57 52 69 85 81 92 107 122 123 117 114 109 107 102 74 96 124 113 109 120 139 125 99 69 68 90 93 90 84 76 68 56 46 44 39 38 44 53 48 37 19 16 20 16 11 6 6 10 10 8 5 4 2 1 1 1 3 3 3 1 1 0 1 2 1 1 0 1 0 0 0 0 0 3 14 22 22 19 18 17 19 22 21 23 24 25 28 27 24 17 9 11 18 18 13 16 23 26 27 28 29 34 36 33 29 31 33 29
58 45 40 48 64 85 104 110 111 89 58 41 38 31 30 56 83 69 51 51 50 49 60 73 84 96 92 87 97 114 114 110 110 85 74 113 137 120 93 99 113 128 107 55 46 57 55 44 48 50 53 67 65 46 42 45 44 54 58 43 24 36 49 27 18 14 11 10 8 9 5 2 2 2 1 0 1 1 2 2 1 1 2 3 2 0 0 0 1 0 0 0 1 6 18 21 19 20 22 22 24 24 21 22 18 18 23 19 12 9 10 15 18 15 10 9 14 18 22 20 27 33 31 24 28 32 32 33
57 34 27 34 43 62 93 107 102 83 67 63 58 47 40 55 84 83 68 60 45 44 41 32 49 71 69 70 91 117 121 103 80 62 61 90 115 117 102 86 93 104 86 58 64 87 80 54 42 39 41 51 44 35 57 58 47 46 49 43 30 35 43 35 31 22 13 8 10 13 7 2 2 2 1 0 0 1 1 2 2 2 2 1 1 1 0 0 1 0 0 0 1 9 16 15 15 17 23 25 27 25 25 24 21 22 20 11 12 13 13 14 13 13 10 7 9 16 24 19 24 32 28 18 20 27 25 22
41 39 42 42 41 47 55 55 50 47 51 56 59 50 48 65 94 116 113 102 85 94 93 66 56 55 60 61 61 87 127 138 124 95 76 81 118 116 108 125 143 138 102 84 79 102 108 85 71 61 59 66 62 82 91 53 55 56 50 40 28 31 33 32 30 20 12 10 15 14 8 3 2 1 1 0 1 2 1 2 1 1 0 1 2 1 2 1 0 0 0 1 2 8 13 12 14 14 19 27 29 31 37 32 29 24 15 11 15 15 11 8 10 19 15 7 5 15 19 13 14 25 29 18 15 22 20 17
84 90 92 79 55 54 50 56 63 56 52 59 69 68 59 74 108 128 125 107 94 101 127 121 91 66 56 52 52 45 46 56 68 76 84 111 128 104 105 137 162 160 130 99 84 86 73 83 87 76 89 102 106 121 77 46 66 83 73 51 46 45 35 40 53 42 30 22 19 18 12 7 3 2 2 2 1 1 1 1 0 0 1 1 1 1 1 0 0 0 0 0 2 5 7 8 10 14 18 23 28 33 36 29 25 20 17 19 18 17 13 9 13 18 14 6 7 15 14 10 10 22 28 22 17 24 26 23
126 125 117 103 84 90 95 102 90 61 47 48 52 51 50 75 107 102 97 97 92 71 69 89 98 90 102 103 80 61 62 65 60 54 69 106 123 129 137 139 138 137 133 88 60 98 133 139 114 96 92 96 87 80 72 76 91 95 87 77 74 75 75 78 98 81 65 56 40 35 21 10 4 3 3 1 0 1 1 0 0 0 0 1 1 1 0 0 0 0 0 0 1 3 6 6 12 16 21 26 30 34 31 30 28 25 19 16 19 16 13 16 14 16 12 8 12 9 7 8 8 16 25 29 21 25 31 31
126 122 106 89 101 121 129 133 108 70 56 50 45 39 41 58 77 80 95 116 100 66 74 110 105 84 111 125 107 83 87 103 84 60 68 95 98 102 130 162 168 148 143 144 144 173 189 176 156 128 105 105 110 87 99 135 143 136 128 109 91 105 115 121 135 83 55 49 43 41 31 25 18 7 2 4 2 1 1 0 1 1 0 0 0 1 1 0 0 2 1 0 0 1 5 11 17 22 28 32 32 32 32 31 28 24 23 22 21 16 20 22 13 11 11 9 14 10 9 10 11 15 20 28 22 22 26 29
79 75 69 71 107 112 103 116 107 91 77 57 47 48 55 59 58 62 75 85 91 98 102 101 91 85 104 98 87 89 92 115 107 86 70 69 65 103 164 158 135 144 139 106 105 137 146 132 141 150 124 88 83 108 131 125 148 138 119 103 92 84 77 108 166 108 69 62 68 84 85 67 32 13 7 7 2 1 1 0 1 2 1 1 1 1 1 1 0 1 1 0 0 2 8 14 19 27 34 37 36 29 24 24 22 25 26 25 26 29 26 17 10 10 8 8 11 14 13 15 15 16 18 20 22 22 24 22
62 68 73 68 78 71 62 70 79 68 51 47 55 65 65 61 52 51 47 38 46 90 105 65 67 88 104 108 102 95 79 94 105 94 93 84 60 83 115 136 140 136 120 78 52 75 115 136 136 147 160 164 151 128 118 88 102 105 106 110 100 95 80 127 165 125 113 90 84 126 146 114 55 26 15 12 5 1 1 1 1 2 1 2 4 3 2 1 1 0 1 0 1 3 10 14 15 22 30 30 26 21 30 27 26 31 30 28 32 36 30 17 9 9 9 8 12 17 22 21 18 20 21 19 22 18 19 22
70 80 74 61 59 50 39 37 53 74 63 44 33 32 33 28 27 34 33 31 39 71 92 79 101 102 75 74 57 46 49 50 55 66 96 79 44 51 88 145 158 121 94 81 44 45 74 84 119 140 115 110 139 175 172 163 159 159 153 136 95 69 78 136 116 86 107 100 73 98 138 124 85 60 47 27 12 7 2 1 1 2 1 2 3 4 4 3 1 1 1 1 1 1 3 12 18 24 24 18 18 25 23 21 27 31 33 30 31 36 31 21 15 18 18 14 12 16 25 20 18 26 28 21 25 20 18 16
85 87 70 52 57 78 87 76 55 59 56 38 24 18 23 27 35 43 26 27 48 70 92 97 106 99 61 62 51 43 52 50 66 105 142 121 73 66 93 138 148 113 91 71 30 23 32 21 21 29 26 24 42 87 106 136 173 158 125 134 134 124 118 130 121 123 126 117 103 105 119 111 109 113 83 45 26 15 6 3 3 2 2 3 3 3 3 3 2 2 1 2 2 1 6 14 15 18 15 14 16 16 15 25 35 38 33 30 33 35 26 25 18 25 22 19 17 19 24 20 19 27 27 20 26 26 21 20
107 112 92 90 103 115 106 76 48 43 38 23 20 19 22 26 28 38 38 35 42 61 77 98 119 110 67 56 52 42 44 54 85 132 171 163 129 113 103 100 91 77 77 66 35 18 10 7 6 8 14 18 34 65 50 32 47 53 32 31 60 84 99 125 166 159 146 150 167 166 163 158 149 136 90 66 62 51 31 13 6 3 3 4 3 2 2 3 2 3 2 2 2 1 3 5 8 11 11 10 9 11 17 32 41 36 30 30 36 31 27 24 20 24 26 24 19 19 26 23 19 26 27 21 26 29 24 21
128 117 86 97 123 122 99 74 63 53 41 29 28 27 25 30 35 45 69 76 65 56 57 65 99 125 111 90 73 56 50 52 71 112 149 146 134 135 125 106 107 110 113 106 69 32 29 25 17 31 39 45 72 97 61 37 27 25 12 5 14 33 48 42 56 57 76 115 110 84 85 96 106 111 101 98 107 100 65 31 14 7 4 2 1 1 1 1 3 2 2 1 0 2 3 3 4 5 5 3 3 6 19 32 33 26 24 30 30 26 28 24 24 24 29 27 23 18 22 23 23 22 21 22 22 26 22 16
111 97 83 83 91 80 66 64 64 55 41 35 41 50 56 57 53 48 56 65 66 67 64 68 85 109 138 126 94 69 49 50 72 119 150 148 152 158 136 122 131 128 128 130 89 44 56 57 42 34 30 39 56 59 48 61 37 16 17 32 50 63 40 10 8 13 32 79 80 38 32 44 46 53 84 107 103 97 82 59 37 20 6 1 1 1 0 1 1 1 1 0 0 1 3 2 1 1 1 1 1 3 9 22 23 19 22 33 31 32 29 30 30 29 29 24 25 20 18 20 22 20 17 18 16 17 19 16
62 67 95 92 82 87 91 101 107 89 70 85 97 111 124 123 109 90 80 79 73 73 77 85 105 125 130 123 91 63 43 39 51 80 117 130 130 122 96 78 79 77 83 105 72 32 48 62 53 41 26 36 33 19 46 74 56 43 46 57 68 71 58 27 26 40 47 92 132 99 83 96 87 107 161 153 115 88 75 90 79 46 19 6 2 1 0 0 1 1 1 1 0 1 2 2 0 0 1 1 1 2 2 9 14 17 28 37 41 38 35 43 33 31 34 27 24 22 20 24 25 18 17 15 9 12 10 9
45 48 71 78 106 133 133 155 171 127 84 112 142 151 146 152 148 122 99 99 107 115 109 93 82 106 116 103 82 68 50 50 59 58 70 84 91 90 89 100 108 105 101 106 78 55 68 90 49 40 48 48 36 34 81 124 121 104 81 65 65 70 74 52 46 70 71 82 111 99 68 68 70 98 157 158 123 79 60 88 116 92 49 20 11 4 2 1 0 1 1 1 1 1 1 1 0 0 1 1 1 1 1 3 11 23 29 37 41 42 52 46 30 35 38 29 25 28 27 30 27 14 16 17 8 9 10 7
63 52 68 113 134 138 145 162 163 115 78 88 94 112 129 151 162 151 115 96 99 108 108 99 88 99 115 105 89 77 57 80 107 77 68 85 97 102 103 128 140 135 122 111 129 139 141 121 72 82 100 90 72 76 72 83 97 93 92 97 91 94 120 104 68 89 91 93 98 77 86 102 78 72 81 77 67 63 64 86 120 116 89 66 41 18 7 2 0 1 0 0 0 0 0 1 1 0 0 1 1 1 2 6 14 22 25 32 37 53 62 43 32 39 33 25 31 30 29 34 26 11 16 24 12 8 12 12
107 89 83 111 124 128 125 104 86 73 80 80 84 106 114 132 155 165 153 117 98 92 75 68 88 120 142 137 113 81 59 73 107 93 70 79 85 102 112 116 108 99 103 120 145 147 142 109 75 75 93 124 116 106 107 97 90 100 122 136 134 120 95 73 54 77 118 128 109 94 114 128 109 91 64 56 83 105 110 104 123 140 139 132 97 36 12 6 2 0 1 0 1 0 1 1 1 1 0 1 1 2 1 6 9 12 21 31 45 64 58 40 37 41 31 21 32 27 20 25 26 13 11 24 17 13 12 15
121 117 106 99 87 95 126 112 72 64 82 82 109 143 147 126 121 136 155 146 124 113 79 54 64 92 120 136 133 103 81 95 121 118 76 88 108 121 109 85 76 82 88 77 82 103 118 100 89 119 143 161 145 106 87 93 114 125 117 105 106 90 53 51 63 83 126 148 137 129 142 140 108 85 86 93 101 111 126 111 102 130 143 143 124 70 47 28 13 6 2 1 1 0 1 1 2 1 2 2 3 2 0 2 2 8 21 34 57 60 49 39 38 42 30 19 32 27 15 12 19 19 11 17 17 14 9 9
136 130 91 74 74 94 154 155 89 76 86 68 77 106 129 125 119 114 119 122 113 116 100 76 69 67 70 73 69 55 62 95 100 84 61 78 97 100 87 69 69 68 58 44 56 91 113 92 79 112 141 150 133 84 57 61 85 106 108 83 65 49 33 41 73 104 117 123 113 96 90 88 87 88 135 164 157 155 144 119 105 126 132 113 104 108 116 83 44 30 18 4 2 1 1 0 1 1 2 5 2 4 3 2 2 9 23 41 58 53 48 42 41 41 28 20 31 33 19 13 13 18 16 10 9 8 12 10
155 124 72 71 85 84 137 121 80 103 92 57 65 102 127 125 113 118 124 138 112 105 110 96 78 45 27 21 17 18 22 40 49 43 53 77 90 98 108 83 75 94 80 81 92 93 90 76 68 83 100 106 89 55 52 59 72 73 71 73 75 69 46 39 66 84 82 94 98 75 59 60 71 91 159 193 199 185 133 119 133 154 168 124 71 85 109 102 61 29 18 9 5 2 1 1 0 1 2 3 1 5 5 2 5 16 29 42 48 46 51 48 44 42 30 21 25 29 21 16 13 12 16 13 6 4 8 12
130 102 72 105 128 102 127 106 87 128 100 67 102 130 130 130 119 112 100 105 83 75 91 94 86 62 62 57 44 49 70 72 60 45 54 78 96 99 117 115 110 122 102 105 112 112 102 87 87 96 87 73 55 35 35 33 34 34 35 47 75 101 80 64 116 125 85 81 87 74 82 93 75 72 122 160 178 176 126 64 67 116 149 135 90 112 144 119 66 40 43 40 20 10 4 2 1 1 1 2 1 2 4 5 10 21 34 40 47 49 53 45 43 40 32 25 24 22 22 21 17 9 6 12 11 9 8 9
85 68 60 89 95 88 113 90 77 119 97 75 150 164 131 136 148 151 139 110 56 52 75 79 72 92 124 139 119 105 130 140 140 134 125 121 124 117 129 121 94 84 95 95 88 124 122 87 56 45 54 69 66 57 46 47 49 54 64 70 98 117 102 88 97 100 89 80 68 59 49 54 72 65 85 112 134 135 107 68 69 88 77 81 75 83 126 133 120 125 120 97 49 44 31 6 0 1 1 2 1 1 2 6 14 22 27 34 49 53 49 45 47 41 35 31 26 24 23 22 17 11 7 10 13 11 10 7
71 58 58 91 96 111 110 66 51 68 67 53 88 114 111 124 144 151 150 121 68 63 76 90 97 114 115 117 99 111 127 108 96 104 117 130 123 98 89 65 49 52 66 74 91 113 106 96 66 47 53 74 91 92 69 102 116 110 119 113 105 105 92 83 65 61 64 54 53 56 59 52 54 53 51 56 63 70 86 87 61 51 57 68 62 51 72 83 65 60 53 41 36 60 61 20 2 1 1 1 1 0 1 4 12 20 29 41 52 52 47 47 47 44 43 36 28 30 25 19 16 14 7 7 9 9 8 7
85 56 50 74 87 106 108 77 50 44 51 48 56 84 103 96 105 130 138 109 70 54 64 80 108 120 89 90 74 69 80 102 102 89 98 130 118 85 79 68 56 50 48 49 88 107 104 100 84 76 66 98 122 115 68 54 62 75 100 119 111 85 65 60 48 36 39 48 65 87 121 116 88 38 15 15 39 73 98 93 54 39 57 74 84 71 73 90 65 55 70 88 109 80 33 16 5 1 1 1 1 0 0 2 9 17 27 40 47 44 46 45 50 48 47 37 29 29 24 14 15 15 7 6 5 8 10 13
74 59 74 85 82 135 155 97 55 67 70 61 45 61 79 81 107 116 85 66 66 79 116 112 85 73 63 76 62 55 76 115 122 115 89 103 99 101 111 83 61 60 61 73 123 142 143 134 104 87 69 101 112 101 78 54 61 81 105 114 108 98 68 56 47 33 39 56 68 83 112 124 113 53 24 17 28 51 54 41 27 25 41 51 58 57 55 84 76 55 84 116 101 58 30 19 11 3 0 0 0 0 0 3 7 13 24 33 35 44 46 43 52 52 49 33 29 26 21 14 15 11 6 4 2 2 4 10
60 66 112 140 129 147 99 55 46 65 69 54 38 42 57 63 89 107 82 62 61 67 81 90 76 55 81 93 69 68 107 139 137 110 70 62 66 76 92 81 69 74 75 75 101 113 123 135 105 58 53 50 53 49 57 63 50 50 52 43 54 68 73 67 60 42 36 45 51 59 70 74 72 53 41 37 36 38 31 23 22 17 20 27 26 37 36 48 51 46 96 123 85 43 26 22 19 11 1 0 1 1 1 2 4 7 13 23 35 40 38 44 54 60 48 30 34 32 22 20 16 11 3 1 2 2 3 6
65 76 121 125 108 82 60 62 56 74 79 53 34 35 51 61 72 102 110 84 56 53 63 65 66 57 91 92 63 53 68 102 142 125 93 67 56 68 73 61 66 70 71 78 69 85 106 99 84 81 70 49 61 59 37 40 46 56 54 50 52 60 56 47 45 42 45 42 49 70 70 85 125 120 83 44 37 39 41 49 44 26 26 39 66 87 61 32 44 49 50 78 80 64 46 39 38 21 3 1 1 0 1 1 2 5 12 23 29 35 42 46 48 58 46 31 33 33 22 20 16 12 8 2 7 6 3 3
75 87 124 115 89 81 77 73 79 79 69 65 46 43 54 70 67 73 82 69 60 70 77 81 81 78 84 73 62 57 59 68 82 85 72 62 53 64 65 61 58 49 52 60 59 80 94 90 72 84 79 59 54 56 47 47 51 41 47 82 90 76 54 37 36 40 56 51 54 79 77 83 141 119 80 54 40 31 28 33 30 22 33 60 78 84 68 38 35 43 46 58 57 48 38 31 35 19 4 1 1 1 1 1 1 7 16 25 28 39 49 45 45 59 49 31 29 29 24 21 19 14 16 9 7 9 9 5
89 111 131 95 93 90 68 68 73 83 93 90 78 73 77 87 93 100 100 83 88 91 86 77 77 83 91 80 59 59 84 76 57 56 71 92 67 54 50 54 58 54 58 49 43 52 67 68 90 109 90 67 52 58 59 71 83 62 53 68 78 74 60 52 60 44 33 39 56 76 66 72 140 134 96 55 28 27 23 18 19 21 45 82 106 125 131 92 48 43 56 72 77 67 51 49 22 4 1 1 1 3 2 2 3 10 18 24 29 33 36 38 41 57 52 32 23 24 22 17 15 14 13 18 14 12 13 12
76 98 96 69 81 84 73 84 110 156 160 109 98 102 101 103 101 115 121 113 133 148 142 116 116 125 130 85 53 58 91 99 75 64 53 101 111 62 55 63 88 60 61 76 77 103 109 101 115 144 135 105 88 114 83 51 58 59 57 72 90 90 60 56 81 66 40 52 57 54 49 65 119 109 65 42 13 21 26 17 12 16 40 77 100 93 95 93 62 62 73 79 78 71 65 41 14 4 3 3 5 3 4 3 7 12 15 22 25 25 26 29 43 53 46 33 22 22 19 12 9 8 9 15 17 15 12 11
90 99 104 77 70 80 78 73 109 143 131 103 101 97 83 91 114 120 95 83 111 105 103 89 77 66 69 48 36 34 39 73 90 80 67 85 111 72 78 89 75 49 65 84 101 133 134 117 120 142 145 127 107 146 112 45 39 36 43 60 71 81 62 58 71 64 43 50 61 97 114 98 82 60 40 31 7 10 17 23 29 19 32 50 47 54 66 65 66 72 65 58 48 46 45 29 21 16 22 39 20 6 4 5 10 14 15 19 26 29 24 31 55 53 43 30 21 19 12 8 8 5 4 10 10 6 14 14
106 84 75 65 71 93 96 100 89 81 72 71 46 35 28 33 65 87 93 144 164 115 88 61 51 51 50 55 69 85 104 128 127 102 106 109 110 103 123 96 84 52 59 76 131 165 151 139 150 157 148 118 120 136 77 50 37 35 39 37 41 44 48 59 55 62 61 54 48 64 87 88 56 44 48 42 55 64 51 56 53 45 65 76 42 25 22 27 32 30 19 11 9 11 21 21 18 35 101 115 42 13 14 13 15 15 17 20 30 30 31 42 66 52 39 28 19 21 13 8 9 6 4 7 9 7 5 7
164 108 99 116 98 87 112 131 88 45 47 72 57 67 91 60 55 91 126 173 155 128 89 60 64 73 74 94 91 77 68 127 155 101 115 112 88 81 109 71 62 55 69 89 121 130 131 142 123 141 151 143 175 144 94 73 48 53 71 73 71 73 64 44 41 46 42 37 42 48 51 49 52 62 73 94 102 77 64 90 95 82 75 57 31 16 20 34 13 7 4 2 3 2 8 7 4 56 131 86 16 3 3 3 5 7 10 21 31 35 39 52 66 47 32 26 15 16 11 5 6 8 3 4 12 13 8 5
174 135 120 140 140 98 80 102 123 99 90 79 47 48 101 133 146 176 168 191 160 126 120 100 102 99 81 70 61 83 68 82 176 145 91 73 55 53 72 71 76 102 121 128 125 103 107 129 135 166 168 144 160 127 121 106 77 54 71 97 77 78 77 48 52 44 46 54 61 75 101 85 66 74 78 83 100 96 84 80 84 85 78 52 26 16 30 29 4 1 1 1 1 0 2 3 2 33 73 23 2 1 1 1 1 0 4 16 25 38 51 63 62 39 32 24 11 12 13 4 5 9 11 9 11 12 16 15
134 134 123 111 118 102 127 154 121 98 118 111 85 86 128 159 168 174 158 172 166 123 125 113 83 87 89 93 105 122 125 123 168 194 144 93 63 77 91 96 97 79 61 63 88 97 102 92 88 121 104 65 73 78 74 59 40 31 32 57 82 85 71 54 80 62 44 48 59 74 86 64 35 50 72 58 58 92 104 117 131 88 57 39 29 21 37 33 5 5 7 5 5 3 4 7 3 40 77 12 1 6 6 1 0 0 4 13 26 41 60 69 55 29 30 21 15 15 14 11 6 11 14 13 14 14 14 16
